-999	7.1464e-06
-998	1.07285e-05
-997	1.43211e-05
-996	1.7928e-05
-995	2.15527e-05
-994	2.51987e-05
-993	2.88697e-05
-992	3.25694e-05
-991	3.63013e-05
-990	4.00692e-05
-989	4.38768e-05
-988	4.7728e-05
-987	5.16264e-05
-986	5.5576e-05
-985	5.95808e-05
-984	6.36446e-05
-983	6.77714e-05
-982	7.19655e-05
-981	7.62309e-05
-980	8.05719e-05
-979	8.49928e-05
-978	8.9498e-05
-977	9.40918e-05
-976	9.8779e-05
-975	0.000103564
-974	0.000108452
-973	0.000113447
-972	0.000118555
-971	0.00012378
-970	0.000129128
-969	0.000134604
-968	0.000140213
-967	0.000145962
-966	0.000151855
-965	0.000157899
-964	0.000164099
-963	0.000170462
-962	0.000176994
-961	0.000183701
-960	0.000190591
-959	0.000197669
-958	0.000204944
-957	0.000212421
-956	0.000220109
-955	0.000228016
-954	0.000236148
-953	0.000244515
-952	0.000253124
-951	0.000261984
-950	0.000271103
-949	0.000280492
-948	0.000290158
-947	0.000300112
-946	0.000310364
-945	0.000320923
-944	0.000331801
-943	0.000343007
-942	0.000354554
-941	0.000366452
-940	0.000378713
-939	0.00039135
-938	0.000404375
-937	0.0004178
-936	0.00043164
-935	0.000445908
-934	0.000460618
-933	0.000475784
-932	0.000491423
-931	0.000507548
-930	0.000524176
-929	0.000541325
-928	0.000559009
-927	0.000577248
-926	0.00059606
-925	0.000615462
-924	0.000635474
-923	0.000656117
-922	0.00067741
-921	0.000699374
-920	0.000722032
-919	0.000745406
-918	0.000769518
-917	0.000794394
-916	0.000820057
-915	0.000846533
-914	0.000873848
-913	0.00090203
-912	0.000931105
-911	0.000961104
-910	0.000992056
-909	0.00102399
-908	0.00105694
-907	0.00109094
-906	0.00112602
-905	0.00116222
-904	0.00119956
-903	0.0012381
-902	0.00127787
-901	0.0013189
-900	0.00136124
-899	0.00140493
-898	0.00145001
-897	0.00149653
-896	0.00154453
-895	0.00159407
-894	0.00164518
-893	0.00169793
-892	0.00175235
-891	0.00180852
-890	0.00186648
-889	0.00192629
-888	0.00198801
-887	0.0020517
-886	0.00211742
-885	0.00218524
-884	0.00225523
-883	0.00232746
-882	0.00240199
-881	0.00247891
-880	0.00255828
-879	0.00264019
-878	0.00272471
-877	0.00281194
-876	0.00290195
-875	0.00299484
-874	0.0030907
-873	0.00318963
-872	0.00329171
-871	0.00339706
-870	0.00350578
-869	0.00361798
-868	0.00373376
-867	0.00385324
-866	0.00397654
-865	0.00410378
-864	0.00423509
-863	0.00437061
-862	0.00451045
-861	0.00465477
-860	0.0048037
-859	0.00495739
-858	0.005116
-857	0.00527967
-856	0.00544859
-855	0.0056229
-854	0.00580279
-853	0.00598843
-852	0.00618001
-851	0.00637772
-850	0.00658175
-849	0.0067923
-848	0.00700959
-847	0.00723383
-846	0.00746523
-845	0.00770404
-844	0.00795049
-843	0.00820482
-842	0.00846728
-841	0.00873814
-840	0.00901766
-839	0.00930612
-838	0.00960381
-837	0.00991101
-836	0.010228
-835	0.0105552
-834	0.0108929
-833	0.0112413
-832	0.0116009
-831	0.011972
-830	0.0123549
-829	0.0127501
-828	0.0131579
-827	0.0135788
-826	0.0140132
-825	0.0144614
-824	0.014924
-823	0.0154014
-822	0.015894
-821	0.0164024
-820	0.016927
-819	0.0174685
-818	0.0180272
-817	0.0186039
-816	0.0191989
-815	0.019813
-814	0.0204468
-813	0.0211008
-812	0.0217758
-811	0.0224723
-810	0.0231911
-809	0.0239329
-808	0.0246984
-807	0.0254884
-806	0.0263037
-805	0.027145
-804	0.0280133
-803	0.0289093
-802	0.029834
-801	0.0307883
-800	0.0317731
-799	0.0327894
-798	0.0338382
-797	0.0349206
-796	0.0360375
-795	0.0371902
-794	0.0383798
-793	0.0396074
-792	0.0408743
-791	0.0421817
-790	0.0435309
-789	0.0449233
-788	0.0463602
-787	0.0478431
-786	0.0493734
-785	0.0509527
-784	0.0525824
-783	0.0542643
-782	0.056
-781	0.0577912
-780	0.0596398
-779	0.0615474
-778	0.063516
-777	0.0655477
-776	0.0676443
-775	0.0698079
-774	0.0720408
-773	0.0743451
-772	0.0767231
-771	0.0791771
-770	0.0817097
-769	0.0843232
-768	0.0870204
-767	0.0898038
-766	0.0926763
-765	0.0956406
-764	0.0986998
-763	0.101857
-762	0.105115
-761	0.108477
-760	0.111947
-759	0.115527
-758	0.119223
-757	0.123036
-756	0.126971
-755	0.131033
-754	0.135224
-753	0.139549
-752	0.144013
-751	0.148619
-750	0.153373
-749	0.158279
-748	0.163341
-747	0.168566
-746	0.173958
-745	0.179522
-744	0.185264
-743	0.19119
-742	0.197305
-741	0.203616
-740	0.210129
-739	0.21685
-738	0.223786
-737	0.230944
-736	0.238331
-735	0.245955
-734	0.253822
-733	0.26194
-732	0.270319
-731	0.278965
-730	0.287888
-729	0.297097
-728	0.306599
-727	0.316406
-726	0.326527
-725	0.336971
-724	0.347749
-723	0.358872
-722	0.370351
-721	0.382197
-720	0.394422
-719	0.407038
-718	0.420058
-717	0.433494
-716	0.447359
-715	0.461668
-714	0.476435
-713	0.491675
-712	0.507401
-711	0.523631
-710	0.54038
-709	0.557664
-708	0.575502
-707	0.593909
-706	0.612906
-705	0.63251
-704	0.652742
-703	0.67362
-702	0.695167
-701	0.717402
-700	0.740349
-699	0.76403
-698	0.788468
-697	0.813688
-696	0.839714
-695	0.866573
-694	0.894291
-693	0.922896
-692	0.952416
-691	0.982879
-690	1.01432
-689	1.04676
-688	1.08024
-687	1.1148
-686	1.15045
-685	1.18725
-684	1.22523
-683	1.26442
-682	1.30486
-681	1.3466
-680	1.38967
-679	1.43412
-678	1.47999
-677	1.52733
-676	1.57618
-675	1.6266
-674	1.67863
-673	1.73232
-672	1.78773
-671	1.84491
-670	1.90392
-669	1.96482
-668	2.02767
-667	2.09252
-666	2.15945
-665	2.22853
-664	2.29981
-663	2.37337
-662	2.44928
-661	2.52763
-660	2.60847
-659	2.69191
-658	2.77801
-657	2.86687
-656	2.95857
-655	3.0532
-654	3.15086
-653	3.25164
-652	3.35565
-651	3.46298
-650	3.57375
-649	3.68806
-648	3.80603
-647	3.92776
-646	4.0534
-645	4.18305
-644	4.31685
-643	4.45493
-642	4.59742
-641	4.74447
-640	4.89623
-639	5.05284
-638	5.21446
-637	5.38125
-636	5.55337
-635	5.731
-634	5.91431
-633	6.10349
-632	6.29871
-631	6.50018
-630	6.7081
-629	6.92266
-628	7.14409
-627	7.3726
-626	7.60842
-625	7.85178
-624	8.10292
-623	8.3621
-622	8.62957
-621	8.9056
-620	9.19045
-619	9.48441
-618	9.78778
-617	10.1009
-616	10.4239
-615	10.7574
-614	11.1014
-613	11.4565
-612	11.823
-611	12.2011
-610	12.5914
-609	12.9942
-608	13.4098
-607	13.8387
-606	14.2814
-605	14.7382
-604	15.2096
-603	15.6961
-602	16.1981
-601	16.7162
-600	17.2509
-599	17.8027
-598	18.3721
-597	18.9598
-596	19.5662
-595	20.1921
-594	20.8379
-593	21.5044
-592	22.1923
-591	22.9021
-590	23.6347
-589	24.3906
-588	25.1708
-587	25.9759
-586	26.8068
-585	27.6642
-584	28.5491
-583	29.4622
-582	30.4046
-581	31.3771
-580	32.3807
-579	33.4165
-578	34.4853
-577	35.5884
-576	36.7267
-575	37.9014
-574	39.1137
-573	40.3648
-572	41.6559
-571	42.9883
-570	44.3634
-569	45.7824
-568	47.2467
-567	48.758
-566	50.3175
-565	51.927
-564	53.5879
-563	55.302
-562	57.0709
-561	58.8963
-560	60.7802
-559	62.7243
-558	64.7306
-557	66.801
-556	68.9377
-555	71.1428
-554	73.4183
-553	75.7667
-552	78.1901
-551	80.6911
-550	83.2721
-549	85.9356
-548	88.6843
-547	91.521
-546	94.4484
-545	97.4694
-544	100.587
-543	103.804
-542	107.125
-541	110.551
-540	114.087
-539	117.736
-538	121.502
-537	125.389
-536	129.399
-535	133.538
-534	137.81
-533	142.218
-532	146.767
-531	151.461
-530	156.306
-529	161.305
-528	166.465
-527	171.789
-526	177.284
-525	182.955
-524	188.807
-523	194.846
-522	201.078
-521	207.51
-520	214.147
-519	220.997
-518	228.065
-517	235.36
-516	242.889
-515	250.658
-514	258.675
-513	266.949
-512	275.488
-511	284.299
-510	293.393
-509	302.777
-508	312.462
-507	322.456
-506	332.77
-505	343.414
-504	354.399
-503	365.734
-502	377.433
-501	389.473
-500	401.541
-499	413.606
-498	425.667
-497	437.724
-496	449.778
-495	461.827
-494	473.873
-493	485.914
-492	497.951
-491	509.984
-490	522.013
-489	534.037
-488	546.056
-487	558.071
-486	570.08
-485	582.085
-484	594.085
-483	606.079
-482	618.069
-481	630.052
-480	642.031
-479	654.004
-478	665.971
-477	677.932
-476	689.888
-475	701.837
-474	713.78
-473	725.717
-472	737.648
-471	749.573
-470	761.491
-469	773.402
-468	785.306
-467	797.204
-466	809.095
-465	820.979
-464	832.855
-463	844.725
-462	856.587
-461	868.441
-460	880.288
-459	892.128
-458	903.959
-457	915.783
-456	927.599
-455	939.406
-454	951.206
-453	962.997
-452	974.78
-451	986.554
-450	998.32
-449	1010.08
-448	1021.83
-447	1033.57
-446	1045.3
-445	1057.02
-444	1068.73
-443	1080.43
-442	1092.13
-441	1103.81
-440	1115.48
-439	1127.15
-438	1138.8
-437	1150.45
-436	1162.08
-435	1173.71
-434	1185.32
-433	1196.93
-432	1208.52
-431	1220.11
-430	1231.68
-429	1243.24
-428	1254.79
-427	1266.33
-426	1277.86
-425	1289.38
-424	1300.89
-423	1312.38
-422	1323.87
-421	1335.34
-420	1346.8
-419	1358.25
-418	1369.69
-417	1381.11
-416	1392.53
-415	1403.93
-414	1415.32
-413	1426.7
-412	1438.06
-411	1449.41
-410	1460.75
-409	1472.08
-408	1483.39
-407	1494.7
-406	1505.98
-405	1517.26
-404	1528.52
-403	1539.77
-402	1551.01
-401	1562.23
-400	1573.44
-399	1584.63
-398	1595.81
-397	1606.98
-396	1618.13
-395	1629.27
-394	1640.39
-393	1651.5
-392	1662.6
-391	1673.68
-390	1684.75
-389	1695.8
-388	1706.84
-387	1717.86
-386	1728.87
-385	1739.86
-384	1750.84
-383	1761.8
-382	1772.75
-381	1783.68
-380	1794.6
-379	1805.5
-378	1816.38
-377	1827.25
-376	1838.11
-375	1848.94
-374	1859.76
-373	1870.57
-372	1881.36
-371	1892.13
-370	1902.89
-369	1913.63
-368	1924.35
-367	1935.05
-366	1945.74
-365	1956.42
-364	1967.07
-363	1977.71
-362	1988.33
-361	1998.93
-360	2009.52
-359	2020.09
-358	2030.64
-357	2041.17
-356	2051.69
-355	2062.19
-354	2072.67
-353	2083.13
-352	2093.57
-351	2104
-350	2114.41
-349	2124.79
-348	2135.17
-347	2145.52
-346	2155.85
-345	2166.17
-344	2176.46
-343	2186.74
-342	2197
-341	2207.23
-340	2217.45
-339	2227.65
-338	2237.83
-337	2248
-336	2258.14
-335	2268.26
-334	2278.36
-333	2288.44
-332	2298.51
-331	2308.55
-330	2318.57
-329	2328.58
-328	2338.56
-327	2348.52
-326	2358.46
-325	2368.38
-324	2378.28
-323	2388.16
-322	2398.02
-321	2407.86
-320	2417.68
-319	2427.47
-318	2437.25
-317	2447
-316	2456.73
-315	2466.45
-314	2476.13
-313	2485.8
-312	2495.45
-311	2505.07
-310	2514.68
-309	2524.26
-308	2533.82
-307	2543.36
-306	2552.87
-305	2562.36
-304	2571.83
-303	2581.28
-302	2590.71
-301	2600.11
-300	2609.49
-299	2618.85
-298	2628.19
-297	2637.5
-296	2646.79
-295	2656.05
-294	2665.3
-293	2674.52
-292	2683.71
-291	2692.89
-290	2702.04
-289	2711.16
-288	2720.27
-287	2729.35
-286	2738.4
-285	2747.43
-284	2756.44
-283	2765.43
-282	2774.39
-281	2783.32
-280	2792.23
-279	2801.12
-278	2809.98
-277	2818.82
-276	2827.64
-275	2836.43
-274	2845.19
-273	2853.93
-272	2862.65
-271	2871.34
-270	2880
-269	2888.64
-268	2897.26
-267	2905.85
-266	2914.41
-265	2922.95
-264	2931.47
-263	2939.95
-262	2948.42
-261	2956.85
-260	2965.27
-259	2973.65
-258	2982.01
-257	2990.34
-256	2998.65
-255	3006.93
-254	3015.19
-253	3023.42
-252	3031.62
-251	3039.8
-250	3047.95
-249	3056.07
-248	3064.17
-247	3072.24
-246	3080.29
-245	3088.3
-244	3096.29
-243	3104.26
-242	3112.19
-241	3120.1
-240	3127.99
-239	3135.84
-238	3143.67
-237	3151.47
-236	3159.24
-235	3166.99
-234	3174.71
-233	3182.4
-232	3190.06
-231	3197.69
-230	3205.3
-229	3212.88
-228	3220.43
-227	3227.95
-226	3235.45
-225	3242.92
-224	3250.36
-223	3257.77
-222	3265.15
-221	3272.5
-220	3279.83
-219	3287.13
-218	3294.39
-217	3301.63
-216	3308.84
-215	3316.03
-214	3323.18
-213	3330.3
-212	3337.4
-211	3344.47
-210	3351.5
-209	3358.51
-208	3365.49
-207	3372.44
-206	3379.36
-205	3386.25
-204	3393.12
-203	3399.95
-202	3406.75
-201	3413.52
-200	3420.27
-199	3426.98
-198	3433.66
-197	3440.32
-196	3446.94
-195	3453.54
-194	3460.1
-193	3466.63
-192	3473.14
-191	3479.61
-190	3486.05
-189	3492.47
-188	3498.85
-187	3505.2
-186	3511.52
-185	3517.81
-184	3524.08
-183	3530.31
-182	3536.5
-181	3542.67
-180	3548.81
-179	3554.92
-178	3560.99
-177	3567.04
-176	3573.05
-175	3579.03
-174	3584.99
-173	3590.91
-172	3596.8
-171	3602.65
-170	3608.48
-169	3614.28
-168	3620.04
-167	3625.77
-166	3631.47
-165	3637.14
-164	3642.78
-163	3648.39
-162	3653.96
-161	3659.5
-160	3665.01
-159	3670.49
-158	3675.94
-157	3681.35
-156	3686.74
-155	3692.09
-154	3697.41
-153	3702.69
-152	3707.95
-151	3713.17
-150	3718.36
-149	3723.52
-148	3728.64
-147	3733.74
-146	3738.8
-145	3743.82
-144	3748.82
-143	3753.78
-142	3758.71
-141	3763.61
-140	3768.47
-139	3773.3
-138	3778.1
-137	3782.87
-136	3787.6
-135	3792.3
-134	3796.97
-133	3801.6
-132	3806.21
-131	3810.77
-130	3815.31
-129	3819.81
-128	3824.28
-127	3828.71
-126	3833.12
-125	3837.48
-124	3841.82
-123	3846.12
-122	3850.39
-121	3854.63
-120	3858.83
-119	3862.99
-118	3867.13
-117	3871.23
-116	3875.3
-115	3879.33
-114	3883.33
-113	3887.3
-112	3891.23
-111	3895.13
-110	3898.99
-109	3902.82
-108	3906.62
-107	3910.38
-106	3914.11
-105	3917.8
-104	3921.46
-103	3925.09
-102	3928.68
-101	3932.24
-100	3935.76
-99	3939.25
-98	3942.71
-97	3946.13
-96	3949.51
-95	3952.87
-94	3956.19
-93	3959.47
-92	3962.72
-91	3965.93
-90	3969.11
-89	3972.26
-88	3975.37
-87	3978.45
-86	3981.49
-85	3984.5
-84	3987.47
-83	3990.41
-82	3993.31
-81	3996.18
-80	3999.01
-79	4001.81
-78	4004.58
-77	4007.3
-76	4010
-75	4012.66
-74	4015.28
-73	4017.87
-72	4020.43
-71	4022.95
-70	4025.43
-69	4027.88
-68	4030.3
-67	4032.68
-66	4035.02
-65	4037.33
-64	4039.61
-63	4041.85
-62	4044.05
-61	4046.22
-60	4048.35
-59	4050.45
-58	4052.52
-57	4054.55
-56	4056.54
-55	4058.5
-54	4060.42
-53	4062.31
-52	4064.16
-51	4065.97
-50	4067.76
-49	4069.5
-48	4071.21
-47	4072.89
-46	4074.53
-45	4076.13
-44	4077.7
-43	4079.23
-42	4080.73
-41	4082.19
-40	4083.62
-39	4085.01
-38	4086.37
-37	4087.69
-36	4088.97
-35	4090.22
-34	4091.44
-33	4092.61
-32	4093.76
-31	4094.86
-30	4095.93
-29	4096.97
-28	4097.97
-27	4098.93
-26	4099.86
-25	4100.76
-24	4101.61
-23	4102.43
-22	4103.22
-21	4103.97
-20	4104.69
-19	4105.36
-18	4106.01
-17	4106.62
-16	4107.19
-15	4107.72
-14	4108.22
-13	4108.69
-12	4109.12
-11	4109.51
-10	4109.87
-9	4110.19
-8	4110.48
-7	4110.73
-6	4110.94
-5	4111.12
-4	4111.26
-3	4111.37
-2	4111.44
-1	4111.48
0	4111.48
1	4111.44
2	4111.37
3	4111.26
4	4111.12
5	4110.94
6	4110.73
7	4110.48
8	4110.19
9	4109.87
10	4109.51
11	4109.12
12	4108.69
13	4108.22
14	4107.72
15	4107.19
16	4106.62
17	4106.01
18	4105.36
19	4104.69
20	4103.97
21	4103.22
22	4102.43
23	4101.61
24	4100.76
25	4099.86
26	4098.93
27	4097.97
28	4096.97
29	4095.93
30	4094.86
31	4093.76
32	4092.61
33	4091.44
34	4090.22
35	4088.97
36	4087.69
37	4086.37
38	4085.01
39	4083.62
40	4082.19
41	4080.73
42	4079.23
43	4077.7
44	4076.13
45	4074.53
46	4072.89
47	4071.21
48	4069.5
49	4067.76
50	4065.98
51	4064.16
52	4062.31
53	4060.42
54	4058.5
55	4056.54
56	4054.55
57	4052.52
58	4050.45
59	4048.36
60	4046.22
61	4044.05
62	4041.85
63	4039.61
64	4037.33
65	4035.02
66	4032.68
67	4030.3
68	4027.88
69	4025.43
70	4022.95
71	4020.43
72	4017.87
73	4015.28
74	4012.66
75	4010
76	4007.3
77	4004.58
78	4001.81
79	3999.01
80	3996.18
81	3993.31
82	3990.41
83	3987.47
84	3984.5
85	3981.49
86	3978.45
87	3975.37
88	3972.26
89	3969.11
90	3965.93
91	3962.72
92	3959.47
93	3956.19
94	3952.87
95	3949.52
96	3946.13
97	3942.71
98	3939.25
99	3935.76
100	3932.24
101	3928.68
102	3925.09
103	3921.46
104	3917.8
105	3914.11
106	3910.38
107	3906.62
108	3902.82
109	3898.99
110	3895.13
111	3891.23
112	3887.3
113	3883.33
114	3879.33
115	3875.3
116	3871.23
117	3867.13
118	3863
119	3858.83
120	3854.63
121	3850.39
122	3846.12
123	3841.82
124	3837.49
125	3833.12
126	3828.71
127	3824.28
128	3819.81
129	3815.31
130	3810.77
131	3806.21
132	3801.61
133	3796.97
134	3792.3
135	3787.6
136	3782.87
137	3778.1
138	3773.31
139	3768.47
140	3763.61
141	3758.71
142	3753.78
143	3748.82
144	3743.82
145	3738.8
146	3733.74
147	3728.64
148	3723.52
149	3718.36
150	3713.17
151	3707.95
152	3702.69
153	3697.41
154	3692.09
155	3686.74
156	3681.36
157	3675.94
158	3670.49
159	3665.01
160	3659.5
161	3653.96
162	3648.39
163	3642.78
164	3637.14
165	3631.47
166	3625.77
167	3620.04
168	3614.28
169	3608.48
170	3602.66
171	3596.8
172	3590.91
173	3584.99
174	3579.04
175	3573.05
176	3567.04
177	3560.99
178	3554.92
179	3548.81
180	3542.67
181	3536.51
182	3530.31
183	3524.08
184	3517.82
185	3511.52
186	3505.2
187	3498.85
188	3492.47
189	3486.06
190	3479.61
191	3473.14
192	3466.63
193	3460.1
194	3453.54
195	3446.94
196	3440.32
197	3433.66
198	3426.98
199	3420.27
200	3413.52
201	3406.75
202	3399.95
203	3393.12
204	3386.25
205	3379.36
206	3372.44
207	3365.49
208	3358.51
209	3351.51
210	3344.47
211	3337.4
212	3330.31
213	3323.18
214	3316.03
215	3308.85
216	3301.63
217	3294.4
218	3287.13
219	3279.83
220	3272.5
221	3265.15
222	3257.77
223	3250.36
224	3242.92
225	3235.45
226	3227.96
227	3220.43
228	3212.88
229	3205.3
230	3197.69
231	3190.06
232	3182.4
233	3174.71
234	3166.99
235	3159.24
236	3151.47
237	3143.67
238	3135.84
239	3127.99
240	3120.1
241	3112.2
242	3104.26
243	3096.3
244	3088.31
245	3080.29
246	3072.24
247	3064.17
248	3056.08
249	3047.95
250	3039.8
251	3031.62
252	3023.42
253	3015.19
254	3006.94
255	2998.65
256	2990.35
257	2982.01
258	2973.65
259	2965.27
260	2956.86
261	2948.42
262	2939.95
263	2931.47
264	2922.95
265	2914.41
266	2905.85
267	2897.26
268	2888.64
269	2880
270	2871.34
271	2862.65
272	2853.93
273	2845.19
274	2836.43
275	2827.64
276	2818.82
277	2809.99
278	2801.12
279	2792.23
280	2783.32
281	2774.39
282	2765.43
283	2756.44
284	2747.44
285	2738.4
286	2729.35
287	2720.27
288	2711.17
289	2702.04
290	2692.89
291	2683.72
292	2674.52
293	2665.3
294	2656.06
295	2646.79
296	2637.5
297	2628.19
298	2618.85
299	2609.49
300	2600.11
301	2590.71
302	2581.28
303	2571.84
304	2562.36
305	2552.87
306	2543.36
307	2533.82
308	2524.26
309	2514.68
310	2505.08
311	2495.45
312	2485.8
313	2476.14
314	2466.45
315	2456.74
316	2447
317	2437.25
318	2427.47
319	2417.68
320	2407.86
321	2398.02
322	2388.16
323	2378.28
324	2368.38
325	2358.46
326	2348.52
327	2338.56
328	2328.58
329	2318.57
330	2308.55
331	2298.51
332	2288.45
333	2278.36
334	2268.26
335	2258.14
336	2248
337	2237.84
338	2227.66
339	2217.46
340	2207.24
341	2197
342	2186.74
343	2176.46
344	2166.17
345	2155.85
346	2145.52
347	2135.17
348	2124.8
349	2114.41
350	2104
351	2093.57
352	2083.13
353	2072.67
354	2062.19
355	2051.69
356	2041.17
357	2030.64
358	2020.09
359	2009.52
360	1998.94
361	1988.33
362	1977.71
363	1967.07
364	1956.42
365	1945.74
366	1935.06
367	1924.35
368	1913.63
369	1902.89
370	1892.13
371	1881.36
372	1870.57
373	1859.77
374	1848.94
375	1838.11
376	1827.25
377	1816.38
378	1805.5
379	1794.6
380	1783.68
381	1772.75
382	1761.8
383	1750.84
384	1739.86
385	1728.87
386	1717.86
387	1706.84
388	1695.8
389	1684.75
390	1673.68
391	1662.6
392	1651.51
393	1640.4
394	1629.27
395	1618.13
396	1606.98
397	1595.81
398	1584.63
399	1573.44
400	1562.23
401	1551.01
402	1539.77
403	1528.52
404	1517.26
405	1505.99
406	1494.7
407	1483.4
408	1472.08
409	1460.76
410	1449.42
411	1438.06
412	1426.7
413	1415.32
414	1403.93
415	1392.53
416	1381.12
417	1369.69
418	1358.25
419	1346.8
420	1335.34
421	1323.87
422	1312.38
423	1300.89
424	1289.38
425	1277.86
426	1266.33
427	1254.79
428	1243.24
429	1231.68
430	1220.11
431	1208.52
432	1196.93
433	1185.33
434	1173.71
435	1162.09
436	1150.45
437	1138.81
438	1127.15
439	1115.49
440	1103.81
441	1092.13
442	1080.43
443	1068.73
444	1057.02
445	1045.3
446	1033.57
447	1021.83
448	1010.08
449	998.322
450	986.556
451	974.782
452	962.999
453	951.208
454	939.408
455	927.601
456	915.785
457	903.961
458	892.129
459	880.29
460	868.443
461	856.589
462	844.727
463	832.857
464	820.981
465	809.097
466	797.206
467	785.308
468	773.404
469	761.493
470	749.575
471	737.65
472	725.719
473	713.782
474	701.839
475	689.89
476	677.934
477	665.973
478	654.006
479	642.033
480	630.054
481	618.071
482	606.081
483	594.087
484	582.087
485	570.082
486	558.073
487	546.058
488	534.039
489	522.015
490	509.986
491	497.953
492	485.916
493	473.875
494	461.829
495	449.779
496	437.726
497	425.669
498	413.608
499	401.543
500	389.475
