-999	7.14593e-06
-998	1.07266e-05
-997	1.43165e-05
-996	1.79187e-05
-995	2.15364e-05
-994	2.51726e-05
-993	2.88306e-05
-992	3.25133e-05
-991	3.62241e-05
-990	3.99661e-05
-989	4.37425e-05
-988	4.75566e-05
-987	5.14117e-05
-986	5.5311e-05
-985	5.92581e-05
-984	6.32561e-05
-983	6.73087e-05
-982	7.14193e-05
-981	7.55914e-05
-980	7.98286e-05
-979	8.41346e-05
-978	8.85131e-05
-977	9.29679e-05
-976	9.75027e-05
-975	0.000102122
-974	0.000106828
-973	0.000111627
-972	0.000116522
-971	0.000121518
-970	0.000126618
-969	0.000131827
-968	0.00013715
-967	0.000142591
-966	0.000148155
-965	0.000153846
-964	0.00015967
-963	0.000165632
-962	0.000171736
-961	0.000177988
-960	0.000184394
-959	0.000190959
-958	0.000197688
-957	0.000204587
-956	0.000211662
-955	0.00021892
-954	0.000226367
-953	0.000234009
-952	0.000241852
-951	0.000249903
-950	0.00025817
-949	0.00026666
-948	0.000275379
-947	0.000284335
-946	0.000293536
-945	0.00030299
-944	0.000312706
-943	0.00032269
-942	0.000332953
-941	0.000343503
-940	0.000354348
-939	0.000365499
-938	0.000376965
-937	0.000388755
-936	0.000400881
-935	0.000413351
-934	0.000426178
-933	0.000439372
-932	0.000452945
-931	0.000466908
-930	0.000481273
-929	0.000496053
-928	0.00051126
-927	0.000526908
-926	0.00054301
-925	0.000559579
-924	0.000576631
-923	0.000594179
-922	0.000612239
-921	0.000630827
-920	0.000649959
-919	0.00066965
-918	0.000689918
-917	0.000710781
-916	0.000732256
-915	0.000754362
-914	0.000777118
-913	0.000800543
-912	0.000824659
-911	0.000849484
-910	0.000875042
-909	0.000901353
-908	0.000928441
-907	0.000956329
-906	0.000985041
-905	0.0010146
-904	0.00104504
-903	0.00107637
-902	0.00110863
-901	0.00114185
-900	0.00117605
-899	0.00121127
-898	0.00124753
-897	0.00128486
-896	0.0013233
-895	0.00136288
-894	0.00140363
-893	0.0014456
-892	0.00148881
-891	0.0015333
-890	0.00157911
-889	0.00162629
-888	0.00167486
-887	0.00172488
-886	0.00177638
-885	0.00182942
-884	0.00188403
-883	0.00194026
-882	0.00199816
-881	0.00205779
-880	0.00211919
-879	0.00218242
-878	0.00224752
-877	0.00231456
-876	0.0023836
-875	0.00245469
-874	0.0025279
-873	0.00260328
-872	0.00268091
-871	0.00276084
-870	0.00284315
-869	0.00292792
-868	0.00301521
-867	0.00310509
-866	0.00319765
-865	0.00329296
-864	0.00339112
-863	0.00349219
-862	0.00359627
-861	0.00370345
-860	0.00381382
-859	0.00392748
-858	0.00404452
-857	0.00416505
-856	0.00428916
-855	0.00441697
-854	0.00454858
-853	0.00468412
-852	0.00482369
-851	0.00496741
-850	0.00511542
-849	0.00526783
-848	0.00542478
-847	0.00558641
-846	0.00575284
-845	0.00592424
-844	0.00610074
-843	0.00628249
-842	0.00646966
-841	0.0066624
-840	0.00686088
-839	0.00706528
-838	0.00727576
-837	0.00749251
-836	0.00771571
-835	0.00794556
-834	0.00818226
-833	0.00842601
-832	0.00867701
-831	0.00893549
-830	0.00920168
-829	0.00947578
-828	0.00975806
-827	0.0100487
-826	0.0103481
-825	0.0106563
-824	0.0109738
-823	0.0113007
-822	0.0116373
-821	0.0119839
-820	0.0123409
-819	0.0127085
-818	0.0130871
-817	0.0134769
-816	0.0138784
-815	0.0142918
-814	0.0147175
-813	0.0151559
-812	0.0156073
-811	0.0160722
-810	0.016551
-809	0.017044
-808	0.0175517
-807	0.0180745
-806	0.0186129
-805	0.0191673
-804	0.0197382
-803	0.0203262
-802	0.0209316
-801	0.0215551
-800	0.0221972
-799	0.0228584
-798	0.0235392
-797	0.0242404
-796	0.0249624
-795	0.025706
-794	0.0264717
-793	0.0272602
-792	0.0280722
-791	0.0289084
-790	0.0297694
-789	0.0306562
-788	0.0315693
-787	0.0325097
-786	0.033478
-785	0.0344752
-784	0.0355021
-783	0.0365596
-782	0.0376486
-781	0.03877
-780	0.0399248
-779	0.0411141
-778	0.0423387
-777	0.0435998
-776	0.0448985
-775	0.0462359
-774	0.0476131
-773	0.0490313
-772	0.0504918
-771	0.0519958
-770	0.0535446
-769	0.0551395
-768	0.0567819
-767	0.0584732
-766	0.0602149
-765	0.0620085
-764	0.0638555
-763	0.0657576
-762	0.0677163
-761	0.0697333
-760	0.0718104
-759	0.0739494
-758	0.0761521
-757	0.0784204
-756	0.0807562
-755	0.0831617
-754	0.0856388
-753	0.0881896
-752	0.0908165
-751	0.0935216
-750	0.0963073
-749	0.0991759
-748	0.10213
-747	0.105172
-746	0.108305
-745	0.111531
-744	0.114853
-743	0.118274
-742	0.121797
-741	0.125425
-740	0.129161
-739	0.133008
-738	0.13697
-737	0.14105
-736	0.145251
-735	0.149578
-734	0.154033
-733	0.158621
-732	0.163346
-731	0.168211
-730	0.173222
-729	0.178381
-728	0.183695
-727	0.189166
-726	0.194801
-725	0.200603
-724	0.206579
-723	0.212732
-722	0.219069
-721	0.225594
-720	0.232313
-719	0.239233
-718	0.246359
-717	0.253697
-716	0.261254
-715	0.269036
-714	0.277049
-713	0.285302
-712	0.2938
-711	0.302551
-710	0.311563
-709	0.320843
-708	0.3304
-707	0.340242
-706	0.350376
-705	0.360813
-704	0.37156
-703	0.382628
-702	0.394025
-701	0.405761
-700	0.417847
-699	0.430294
-698	0.44311
-697	0.456309
-696	0.469901
-695	0.483898
-694	0.498311
-693	0.513154
-692	0.528439
-691	0.54418
-690	0.560389
-689	0.577081
-688	0.59427
-687	0.611971
-686	0.630199
-685	0.648971
-684	0.668301
-683	0.688208
-682	0.708707
-681	0.729817
-680	0.751555
-679	0.773942
-678	0.796995
-677	0.820734
-676	0.845181
-675	0.870356
-674	0.896281
-673	0.922978
-672	0.95047
-671	0.978781
-670	1.00794
-669	1.03796
-668	1.06888
-667	1.10071
-666	1.1335
-665	1.16726
-664	1.20203
-663	1.23784
-662	1.27471
-661	1.31268
-660	1.35177
-659	1.39204
-658	1.4335
-657	1.4762
-656	1.52017
-655	1.56545
-654	1.61208
-653	1.6601
-652	1.70955
-651	1.76047
-650	1.81291
-649	1.86691
-648	1.92252
-647	1.97978
-646	2.03875
-645	2.09948
-644	2.16202
-643	2.22642
-642	2.29273
-641	2.36103
-640	2.43135
-639	2.50377
-638	2.57835
-637	2.65515
-636	2.73424
-635	2.81568
-634	2.89955
-633	2.98592
-632	3.07486
-631	3.16645
-630	3.26076
-629	3.35789
-628	3.45791
-627	3.56091
-626	3.66698
-625	3.7762
-624	3.88868
-623	4.00451
-622	4.12379
-621	4.24663
-620	4.37312
-619	4.50338
-618	4.63752
-617	4.77565
-616	4.9179
-615	5.06439
-614	5.21524
-613	5.37058
-612	5.53055
-611	5.69529
-610	5.86493
-609	6.03962
-608	6.21952
-607	6.40478
-606	6.59556
-605	6.79201
-604	6.99432
-603	7.20266
-602	7.4172
-601	7.63813
-600	7.86565
-599	8.09994
-598	8.34121
-597	8.58966
-596	8.84552
-595	9.10899
-594	9.38032
-593	9.65972
-592	9.94745
-591	10.2438
-590	10.5489
-589	10.8631
-588	11.1867
-587	11.5199
-586	11.863
-585	12.2164
-584	12.5802
-583	12.955
-582	13.3408
-581	13.7382
-580	14.1474
-579	14.5688
-578	15.0028
-577	15.4497
-576	15.9099
-575	16.3838
-574	16.8718
-573	17.3743
-572	17.8918
-571	18.4248
-570	18.9736
-569	19.5387
-568	20.1207
-567	20.7201
-566	21.3372
-565	21.9728
-564	22.6273
-563	23.3013
-562	23.9953
-561	24.7101
-560	25.4461
-559	26.204
-558	26.9846
-557	27.7883
-556	28.6161
-555	29.4684
-554	30.3462
-553	31.2501
-552	32.1809
-551	33.1395
-550	34.1266
-549	35.1431
-548	36.1899
-547	37.2679
-546	38.3779
-545	39.5211
-544	40.6983
-543	41.9105
-542	43.1589
-541	44.4444
-540	45.7683
-539	47.1315
-538	48.5354
-537	49.9811
-536	51.4699
-535	53.003
-534	54.5818
-533	56.2076
-532	57.8818
-531	59.6059
-530	61.3813
-529	63.2096
-528	65.0924
-527	67.0313
-526	69.0279
-525	71.084
-524	73.2014
-523	75.3818
-522	77.6271
-521	79.9394
-520	82.3205
-519	84.7725
-518	87.2976
-517	89.8979
-516	92.5756
-515	95.3331
-514	98.1727
-513	101.097
-512	104.108
-511	107.209
-510	110.403
-509	113.691
-508	117.078
-507	120.565
-506	124.156
-505	127.854
-504	131.663
-503	135.584
-502	139.623
-501	143.77
-500	147.908
-499	152.027
-498	156.124
-497	160.199
-496	164.252
-495	168.283
-494	172.29
-493	176.273
-492	180.232
-491	184.166
-490	188.075
-489	191.957
-488	195.813
-487	199.642
-486	203.443
-485	207.216
-484	210.96
-483	214.675
-482	218.36
-481	222.015
-480	225.64
-479	229.233
-478	232.794
-477	236.323
-476	239.819
-475	243.282
-474	246.712
-473	250.107
-472	253.468
-471	256.793
-470	260.083
-469	263.337
-468	266.554
-467	269.735
-466	272.878
-465	275.983
-464	279.051
-463	282.079
-462	285.068
-461	288.018
-460	290.928
-459	293.798
-458	296.627
-457	299.415
-456	302.162
-455	304.867
-454	307.529
-453	310.149
-452	312.726
-451	315.26
-450	317.75
-449	320.195
-448	322.597
-447	324.954
-446	327.266
-445	329.533
-444	331.754
-443	333.929
-442	336.057
-441	338.14
-440	340.175
-439	342.163
-438	344.104
-437	345.998
-436	347.843
-435	349.64
-434	351.389
-433	353.089
-432	354.74
-431	356.342
-430	357.895
-429	359.398
-428	360.851
-427	362.255
-426	363.608
-425	364.911
-424	366.163
-423	367.365
-422	368.515
-421	369.615
-420	370.664
-419	371.661
-418	372.607
-417	373.501
-416	374.343
-415	375.134
-414	375.872
-413	376.559
-412	377.193
-411	377.775
-410	378.305
-409	378.782
-408	379.207
-407	379.58
-406	379.9
-405	380.167
-404	380.382
-403	380.544
-402	380.653
-401	380.709
-400	380.713
-399	380.664
-398	380.563
-397	380.408
-396	380.201
-395	379.941
-394	379.629
-393	379.264
-392	378.847
-391	378.377
-390	377.855
-389	377.28
-388	376.653
-387	375.974
-386	375.243
-385	374.46
-384	373.625
-383	372.739
-382	371.8
-381	370.81
-380	369.769
-379	368.677
-378	367.534
-377	366.339
-376	365.094
-375	363.799
-374	362.453
-373	361.057
-372	359.61
-371	358.114
-370	356.569
-369	354.974
-368	353.33
-367	351.637
-366	349.895
-365	348.105
-364	346.266
-363	344.38
-362	342.446
-361	340.464
-360	338.436
-359	336.36
-358	334.238
-357	332.07
-356	329.855
-355	327.595
-354	325.29
-353	322.939
-352	320.544
-351	318.105
-350	315.621
-349	313.094
-348	310.523
-347	307.909
-346	305.253
-345	302.554
-344	299.814
-343	297.032
-342	294.208
-341	291.344
-340	288.44
-339	285.496
-338	282.512
-337	279.489
-336	276.428
-335	273.328
-334	270.19
-333	267.015
-332	263.803
-331	260.554
-330	257.269
-329	253.949
-328	250.593
-327	247.203
-326	243.779
-325	240.32
-324	236.829
-323	233.304
-322	229.748
-321	226.159
-320	222.539
-319	218.889
-318	215.208
-317	211.497
-316	207.757
-315	203.988
-314	200.191
-313	196.366
-312	192.515
-311	188.636
-310	184.731
-309	180.801
-308	176.845
-307	172.866
-306	168.862
-305	164.835
-304	160.785
-303	156.712
-302	152.618
-301	148.503
-300	144.367
-299	140.212
-298	136.037
-297	131.843
-296	127.63
-295	123.401
-294	119.154
-293	114.89
-292	110.611
-291	106.316
-290	102.007
-289	97.683
-288	93.3459
-287	88.9959
-286	84.6336
-285	80.2595
-284	75.8744
-283	71.4787
-282	67.0731
-281	62.6582
-280	58.2347
-279	53.8031
-278	49.364
-277	44.9181
-276	40.466
-275	36.0083
-274	31.5455
-273	27.0785
-272	22.6076
-271	18.1337
-270	13.6572
-269	9.17883
-268	4.69919
-267	0.218907
-266	-4.26141
-265	-8.74114
-264	-13.2197
-263	-17.6963
-262	-22.1706
-261	-26.6417
-260	-31.1092
-259	-35.5724
-258	-40.0306
-257	-44.4833
-256	-48.9299
-255	-53.3696
-254	-57.802
-253	-62.2263
-252	-66.6421
-251	-71.0486
-250	-75.4453
-249	-79.8315
-248	-84.2067
-247	-88.5702
-246	-92.9214
-245	-97.2598
-244	-101.585
-243	-105.896
-242	-110.192
-241	-114.473
-240	-118.738
-239	-122.986
-238	-127.218
-237	-131.432
-236	-135.628
-235	-139.805
-234	-143.962
-233	-148.1
-232	-152.217
-231	-156.313
-230	-160.388
-229	-164.44
-228	-168.469
-227	-172.475
-226	-176.458
-225	-180.415
-224	-184.348
-223	-188.255
-222	-192.137
-221	-195.991
-220	-199.819
-219	-203.619
-218	-207.39
-217	-211.133
-216	-214.847
-215	-218.53
-214	-222.184
-213	-225.807
-212	-229.398
-211	-232.958
-210	-236.486
-209	-239.981
-208	-243.442
-207	-246.87
-206	-250.264
-205	-253.622
-204	-256.946
-203	-260.235
-202	-263.487
-201	-266.703
-200	-269.881
-199	-273.023
-198	-276.126
-197	-279.192
-196	-282.218
-195	-285.206
-194	-288.154
-193	-291.062
-192	-293.93
-191	-296.758
-190	-299.544
-189	-302.288
-188	-304.991
-187	-307.652
-186	-310.269
-185	-312.844
-184	-315.376
-183	-317.864
-182	-320.308
-181	-322.707
-180	-325.062
-179	-327.372
-178	-329.637
-177	-331.855
-176	-334.028
-175	-336.155
-174	-338.235
-173	-340.268
-172	-342.254
-171	-344.193
-170	-346.084
-169	-347.927
-168	-349.722
-167	-351.469
-166	-353.166
-165	-354.815
-164	-356.415
-163	-357.966
-162	-359.466
-161	-360.917
-160	-362.319
-159	-363.669
-158	-364.97
-157	-366.22
-156	-367.419
-155	-368.568
-154	-369.665
-153	-370.711
-152	-371.706
-151	-372.649
-150	-373.541
-149	-374.381
-148	-375.169
-147	-375.905
-146	-376.589
-145	-377.221
-144	-377.801
-143	-378.328
-142	-378.803
-141	-379.226
-140	-379.596
-139	-379.913
-138	-380.178
-137	-380.39
-136	-380.55
-135	-380.657
-134	-380.711
-133	-380.712
-132	-380.661
-131	-380.557
-130	-380.4
-129	-380.19
-128	-379.928
-127	-379.613
-126	-379.246
-125	-378.826
-124	-378.354
-123	-377.829
-122	-377.252
-121	-376.623
-120	-375.942
-119	-375.208
-118	-374.423
-117	-373.585
-116	-372.696
-115	-371.756
-114	-370.763
-113	-369.72
-112	-368.625
-111	-367.479
-110	-366.283
-109	-365.035
-108	-363.737
-107	-362.389
-106	-360.991
-105	-359.542
-104	-358.044
-103	-356.496
-102	-354.899
-101	-353.252
-100	-351.557
-99	-349.813
-98	-348.021
-97	-346.18
-96	-344.291
-95	-342.355
-94	-340.371
-93	-338.341
-92	-336.263
-91	-334.139
-90	-331.968
-89	-329.752
-88	-327.489
-87	-325.182
-86	-322.829
-85	-320.432
-84	-317.99
-83	-315.505
-82	-312.975
-81	-310.403
-80	-307.787
-79	-305.129
-78	-302.428
-77	-299.686
-76	-296.902
-75	-294.077
-74	-291.211
-73	-288.305
-72	-285.358
-71	-282.373
-70	-279.348
-69	-276.285
-68	-273.183
-67	-270.044
-66	-266.867
-65	-263.653
-64	-260.403
-63	-257.116
-62	-253.794
-61	-250.437
-60	-247.045
-59	-243.619
-58	-240.159
-57	-236.666
-56	-233.14
-55	-229.582
-54	-225.992
-53	-222.371
-52	-218.719
-51	-215.036
-50	-211.324
-49	-207.583
-48	-203.813
-47	-200.015
-46	-196.188
-45	-192.335
-44	-188.455
-43	-184.549
-42	-180.618
-41	-176.661
-40	-172.68
-39	-168.676
-38	-164.647
-37	-160.596
-36	-156.523
-35	-152.428
-34	-148.312
-33	-144.175
-32	-140.019
-31	-135.843
-30	-131.648
-29	-127.435
-28	-123.204
-27	-118.956
-26	-114.692
-25	-110.412
-24	-106.117
-23	-101.806
-22	-97.4822
-21	-93.1445
-20	-88.794
-19	-84.4311
-18	-80.0565
-17	-75.6708
-16	-71.2746
-15	-66.8686
-14	-62.4533
-13	-58.0294
-12	-53.5974
-11	-49.158
-10	-44.7118
-9	-40.2594
-8	-35.8015
-7	-31.3385
-6	-26.8713
-5	-22.4003
-4	-17.9262
-3	-13.4496
-2	-8.97117
-1	-4.49149
0	-0.0111851
1	4.46912
2	8.9488
3	13.4272
4	17.9038
5	22.3779
6	26.8489
7	31.3162
8	35.7792
9	40.2372
10	44.6896
11	49.1358
12	53.5753
13	58.0073
14	62.4313
15	66.8466
16	71.2527
17	75.6489
18	80.0346
19	84.4092
20	88.7722
21	93.1229
22	97.4606
23	101.785
24	106.095
25	110.391
26	114.671
27	118.935
28	123.183
29	127.414
30	131.627
31	135.822
32	139.998
33	144.154
34	148.291
35	152.407
36	156.502
37	160.576
38	164.627
39	168.655
40	172.661
41	176.642
42	180.598
43	184.53
44	188.436
45	192.316
46	196.169
47	199.996
48	203.794
49	207.564
50	211.306
51	215.018
52	218.7
53	222.353
54	225.974
55	229.564
56	233.122
57	236.648
58	240.142
59	243.602
60	247.028
61	250.42
62	253.777
63	257.1
64	260.386
65	263.637
66	266.851
67	270.028
68	273.168
69	276.269
70	279.333
71	282.358
72	285.344
73	288.29
74	291.196
75	294.062
76	296.888
77	299.672
78	302.414
79	305.115
80	307.774
81	310.39
82	312.963
83	315.492
84	317.978
85	320.42
86	322.818
87	325.17
88	327.478
89	329.74
90	331.957
91	334.128
92	336.252
93	338.33
94	340.361
95	342.345
96	344.282
97	346.171
98	348.012
99	349.804
100	351.548
101	353.244
102	354.891
103	356.488
104	358.036
105	359.535
106	360.984
107	362.382
108	363.731
109	365.029
110	366.277
111	367.474
112	368.62
113	369.715
114	370.758
115	371.751
116	372.692
117	373.581
118	374.418
119	375.204
120	375.938
121	376.62
122	377.249
123	377.827
124	378.351
125	378.824
126	379.244
127	379.612
128	379.927
129	380.189
130	380.399
131	380.556
132	380.66
133	380.712
134	380.711
135	380.657
136	380.55
137	380.391
138	380.179
139	379.915
140	379.598
141	379.228
142	378.806
143	378.331
144	377.804
145	377.224
146	376.593
147	375.909
148	375.173
149	374.385
150	373.545
151	372.654
152	371.711
153	370.716
154	369.67
155	368.573
156	367.425
157	366.226
158	364.976
159	363.676
160	362.325
161	360.925
162	359.474
163	357.973
164	356.423
165	354.823
166	353.175
167	351.477
168	349.731
169	347.936
170	346.093
171	344.203
172	342.264
173	340.278
174	338.245
175	336.165
176	334.039
177	331.866
178	329.648
179	327.383
180	325.074
181	322.719
182	320.32
183	317.876
184	315.389
185	312.857
186	310.282
187	307.665
188	305.004
189	302.302
190	299.557
191	296.772
192	293.945
193	291.077
194	288.169
195	285.221
196	282.233
197	279.207
198	276.142
199	273.038
200	269.897
201	266.719
202	263.503
203	260.251
204	256.963
205	253.639
206	250.28
207	246.887
208	243.459
209	239.998
210	236.503
211	232.976
212	229.416
213	225.825
214	222.202
215	218.549
216	214.865
217	211.152
218	207.409
219	203.637
220	199.838
221	196.01
222	192.156
223	188.275
224	184.368
225	180.435
226	176.477
227	172.495
228	168.489
229	164.46
230	160.408
231	156.334
232	152.238
233	148.12
234	143.983
235	139.825
236	135.648
237	131.453
238	127.239
239	123.007
240	118.759
241	114.494
242	110.213
243	105.917
244	101.606
245	97.2814
246	92.9431
247	88.5919
248	84.2285
249	79.8534
250	75.4672
251	71.0706
252	66.6641
253	62.2484
254	57.8241
255	53.3918
256	48.952
257	44.5055
258	40.0529
259	35.5947
260	31.1315
261	26.6641
262	22.1929
263	17.7187
264	13.242
265	8.7635
266	4.28378
267	-0.196536
268	-4.67683
269	-9.15647
270	-13.6348
271	-18.1113
272	-22.5853
273	-27.0561
274	-31.5232
275	-35.986
276	-40.4437
277	-44.8959
278	-49.3418
279	-53.7809
280	-58.2126
281	-62.6362
282	-67.0511
283	-71.4567
284	-75.8524
285	-80.2377
286	-84.6118
287	-88.9742
288	-93.3243
289	-97.6614
290	-101.985
291	-106.295
292	-110.589
293	-114.869
294	-119.132
295	-123.379
296	-127.609
297	-131.822
298	-136.016
299	-140.191
300	-144.347
301	-148.482
302	-152.598
303	-156.692
304	-160.764
305	-164.814
306	-168.842
307	-172.846
308	-176.826
309	-180.781
310	-184.712
311	-188.616
312	-192.495
313	-196.347
314	-200.172
315	-203.969
316	-207.738
317	-211.479
318	-215.189
319	-218.87
320	-222.521
321	-226.141
322	-229.73
323	-233.287
324	-236.811
325	-240.303
326	-243.761
327	-247.186
328	-250.576
329	-253.932
330	-257.253
331	-260.538
332	-263.787
333	-266.999
334	-270.174
335	-273.312
336	-276.412
337	-279.474
338	-282.497
339	-285.481
340	-288.426
341	-291.33
342	-294.194
343	-297.018
344	-299.8
345	-302.541
346	-305.239
347	-307.896
348	-310.51
349	-313.081
350	-315.609
351	-318.092
352	-320.532
353	-322.928
354	-325.278
355	-327.584
356	-329.844
357	-332.059
358	-334.227
359	-336.35
360	-338.426
361	-340.454
362	-342.436
363	-344.37
364	-346.257
365	-348.096
366	-349.886
367	-351.628
368	-353.321
369	-354.966
370	-356.561
371	-358.107
372	-359.603
373	-361.049
374	-362.446
375	-363.792
376	-365.088
377	-366.333
378	-367.528
379	-368.671
380	-369.764
381	-370.805
382	-371.795
383	-372.734
384	-373.621
385	-374.456
386	-375.239
387	-375.971
388	-376.65
389	-377.277
390	-377.852
391	-378.375
392	-378.845
393	-379.262
394	-379.627
395	-379.94
396	-380.2
397	-380.407
398	-380.562
399	-380.664
400	-380.713
401	-380.709
402	-380.653
403	-380.544
404	-380.383
405	-380.168
406	-379.901
407	-379.582
408	-379.209
409	-378.785
410	-378.308
411	-377.778
412	-377.196
413	-376.562
414	-375.876
415	-375.137
416	-374.347
417	-373.505
418	-372.611
419	-371.666
420	-370.669
421	-369.62
422	-368.521
423	-367.371
424	-366.169
425	-364.917
426	-363.615
427	-362.262
428	-360.858
429	-359.405
430	-357.902
431	-356.35
432	-354.748
433	-353.097
434	-351.397
435	-349.649
436	-347.852
437	-346.007
438	-344.114
439	-342.173
440	-340.185
441	-338.15
442	-336.068
443	-333.939
444	-331.765
445	-329.544
446	-327.277
447	-324.966
448	-322.609
449	-320.208
450	-317.762
451	-315.272
452	-312.739
453	-310.162
454	-307.542
455	-304.88
456	-302.176
457	-299.429
458	-296.641
459	-293.813
460	-290.943
461	-288.033
462	-285.083
463	-282.094
464	-279.066
465	-275.999
466	-272.894
467	-269.751
468	-266.57
469	-263.353
470	-260.099
471	-256.81
472	-253.484
473	-250.124
474	-246.729
475	-243.3
476	-239.837
477	-236.34
478	-232.812
479	-229.25
480	-225.658
481	-222.033
482	-218.379
483	-214.694
484	-210.979
485	-207.235
486	-203.462
487	-199.661
488	-195.832
489	-191.977
490	-188.094
491	-184.186
492	-180.252
493	-176.293
494	-172.31
495	-168.303
496	-164.273
497	-160.219
498	-156.144
499	-152.047
500	-147.929
