-999	7.14566e-06
-998	1.07255e-05
-997	1.43137e-05
-996	1.79132e-05
-995	2.15266e-05
-994	2.5157e-05
-993	2.88071e-05
-992	3.24797e-05
-991	3.61778e-05
-990	3.99043e-05
-989	4.3662e-05
-988	4.74539e-05
-987	5.1283e-05
-986	5.51523e-05
-985	5.90649e-05
-984	6.30237e-05
-983	6.70319e-05
-982	7.10926e-05
-981	7.52091e-05
-980	7.93844e-05
-979	8.3622e-05
-978	8.79252e-05
-977	9.22972e-05
-976	9.67415e-05
-975	0.000101262
-974	0.000105861
-973	0.000110544
-972	0.000115313
-971	0.000120172
-970	0.000125126
-969	0.000130178
-968	0.000135331
-967	0.000140591
-966	0.000145961
-965	0.000151445
-964	0.000157048
-963	0.000162774
-962	0.000168628
-961	0.000174614
-960	0.000180736
-959	0.000187
-958	0.000193411
-957	0.000199974
-956	0.000206693
-955	0.000213574
-954	0.000220622
-953	0.000227843
-952	0.000235243
-951	0.000242827
-950	0.000250602
-949	0.000258573
-948	0.000266746
-947	0.000275129
-946	0.000283727
-945	0.000292547
-944	0.000301597
-943	0.000310883
-942	0.000320413
-941	0.000330193
-940	0.000340233
-939	0.000350539
-938	0.00036112
-937	0.000371984
-936	0.000383139
-935	0.000394594
-934	0.000406359
-933	0.000418442
-932	0.000430854
-931	0.000443602
-930	0.000456699
-929	0.000470153
-928	0.000483976
-927	0.000498178
-926	0.00051277
-925	0.000527764
-924	0.000543172
-923	0.000559006
-922	0.000575277
-921	0.000591999
-920	0.000609186
-919	0.000626849
-918	0.000645004
-917	0.000663665
-916	0.000682845
-915	0.00070256
-914	0.000722826
-913	0.000743659
-912	0.000765074
-911	0.000787089
-910	0.000809721
-909	0.000832987
-908	0.000856906
-907	0.000881496
-906	0.000906777
-905	0.000932769
-904	0.000959492
-903	0.000986966
-902	0.00101521
-901	0.00104426
-900	0.00107412
-899	0.00110482
-898	0.00113639
-897	0.00116885
-896	0.00120223
-895	0.00123655
-894	0.00127183
-893	0.00130812
-892	0.00134543
-891	0.00138379
-890	0.00142324
-889	0.0014638
-888	0.00150551
-887	0.0015484
-886	0.0015925
-885	0.00163785
-884	0.00168449
-883	0.00173244
-882	0.00178176
-881	0.00183247
-880	0.00188461
-879	0.00193823
-878	0.00199337
-877	0.00205007
-876	0.00210838
-875	0.00216834
-874	0.00223
-873	0.00229341
-872	0.00235862
-871	0.00242567
-870	0.00249463
-869	0.00256553
-868	0.00263845
-867	0.00271344
-866	0.00279056
-865	0.00286986
-864	0.00295141
-863	0.00303527
-862	0.00312151
-861	0.0032102
-860	0.0033014
-859	0.00339519
-858	0.00349164
-857	0.00359082
-856	0.00369283
-855	0.00379772
-854	0.00390559
-853	0.00401652
-852	0.0041306
-851	0.00424792
-850	0.00436856
-849	0.00449263
-848	0.00462022
-847	0.00475142
-846	0.00488636
-845	0.00502512
-844	0.00516782
-843	0.00531457
-842	0.00546548
-841	0.00562068
-840	0.00578028
-839	0.00594441
-838	0.0061132
-837	0.00628678
-836	0.00646529
-835	0.00664886
-834	0.00683764
-833	0.00703179
-832	0.00723144
-831	0.00743676
-830	0.00764791
-829	0.00786505
-828	0.00808835
-827	0.00831799
-826	0.00855415
-825	0.00879701
-824	0.00904677
-823	0.00930362
-822	0.00956776
-821	0.00983939
-820	0.0101187
-819	0.010406
-818	0.0107014
-817	0.0110053
-816	0.0113177
-815	0.011639
-814	0.0119694
-813	0.0123093
-812	0.0126587
-811	0.0130181
-810	0.0133877
-809	0.0137677
-808	0.0141586
-807	0.0145605
-806	0.0149739
-805	0.015399
-804	0.0158362
-803	0.0162857
-802	0.0167481
-801	0.0172235
-800	0.0177125
-799	0.0182153
-798	0.0187325
-797	0.0192642
-796	0.0198111
-795	0.0203735
-794	0.0209519
-793	0.0215467
-792	0.0221584
-791	0.0227875
-790	0.0234344
-789	0.0240996
-788	0.0247838
-787	0.0254874
-786	0.0262109
-785	0.026955
-784	0.0277202
-783	0.0285072
-782	0.0293164
-781	0.0301487
-780	0.0310046
-779	0.0318847
-778	0.0327899
-777	0.0337207
-776	0.034678
-775	0.0356625
-774	0.0366749
-773	0.037716
-772	0.0387867
-771	0.0398878
-770	0.0410201
-769	0.0421846
-768	0.0433822
-767	0.0446137
-766	0.0458803
-765	0.0471827
-764	0.0485222
-763	0.0498996
-762	0.0513162
-761	0.052773
-760	0.0542711
-759	0.0558118
-758	0.0573962
-757	0.0590255
-756	0.0607012
-755	0.0624244
-754	0.0641965
-753	0.0660189
-752	0.0678931
-751	0.0698205
-750	0.0718025
-749	0.0738409
-748	0.0759371
-747	0.0780928
-746	0.0803097
-745	0.0825896
-744	0.0849342
-743	0.0873453
-742	0.0898249
-741	0.0923748
-740	0.0949972
-739	0.097694
-738	0.100467
-737	0.103319
-736	0.106253
-735	0.109269
-734	0.112371
-733	0.115561
-732	0.118841
-731	0.122215
-730	0.125685
-729	0.129253
-728	0.132922
-727	0.136695
-726	0.140576
-725	0.144566
-724	0.14867
-723	0.152891
-722	0.157231
-721	0.161695
-720	0.166285
-719	0.171005
-718	0.17586
-717	0.180852
-716	0.185986
-715	0.191266
-714	0.196696
-713	0.20228
-712	0.208022
-711	0.213928
-710	0.220001
-709	0.226246
-708	0.232669
-707	0.239274
-706	0.246066
-705	0.253052
-704	0.260235
-703	0.267623
-702	0.27522
-701	0.283033
-700	0.291068
-699	0.299331
-698	0.307829
-697	0.316567
-696	0.325554
-695	0.334796
-694	0.3443
-693	0.354074
-692	0.364126
-691	0.374463
-690	0.385093
-689	0.396025
-688	0.407268
-687	0.418829
-686	0.430719
-685	0.442946
-684	0.455521
-683	0.468452
-682	0.481751
-681	0.495427
-680	0.509491
-679	0.523955
-678	0.538829
-677	0.554125
-676	0.569856
-675	0.586033
-674	0.602669
-673	0.619778
-672	0.637373
-671	0.655466
-670	0.674074
-669	0.69321
-668	0.712889
-667	0.733126
-666	0.753938
-665	0.775341
-664	0.797352
-663	0.819987
-662	0.843265
-661	0.867204
-660	0.891823
-659	0.91714
-658	0.943176
-657	0.969951
-656	0.997486
-655	1.0258
-654	1.05492
-653	1.08487
-652	1.11567
-651	1.14734
-650	1.17991
-649	1.21341
-648	1.24785
-647	1.28328
-646	1.31971
-645	1.35717
-644	1.3957
-643	1.43532
-642	1.47607
-641	1.51797
-640	1.56106
-639	1.60538
-638	1.65095
-637	1.69782
-636	1.74602
-635	1.79558
-634	1.84656
-633	1.89898
-632	1.95289
-631	2.00833
-630	2.06534
-629	2.12397
-628	2.18427
-627	2.24627
-626	2.31004
-625	2.37562
-624	2.44306
-623	2.51241
-622	2.58374
-621	2.65708
-620	2.73251
-619	2.81008
-618	2.88986
-617	2.97189
-616	3.05626
-615	3.14302
-614	3.23225
-613	3.32401
-612	3.41837
-611	3.51541
-610	3.61521
-609	3.71784
-608	3.82338
-607	3.93192
-606	4.04354
-605	4.15833
-604	4.27637
-603	4.39777
-602	4.52262
-601	4.65101
-600	4.78304
-599	4.91882
-598	5.05846
-597	5.20206
-596	5.34974
-595	5.50161
-594	5.65779
-593	5.8184
-592	5.98358
-591	6.15344
-590	6.32812
-589	6.50777
-588	6.69251
-587	6.8825
-586	7.07788
-585	7.27881
-584	7.48544
-583	7.69794
-582	7.91647
-581	8.14121
-580	8.37232
-579	8.61
-578	8.85442
-577	9.10578
-576	9.36428
-575	9.63011
-574	9.90349
-573	10.1846
-572	10.4738
-571	10.7711
-570	11.0769
-569	11.3913
-568	11.7147
-567	12.0473
-566	12.3893
-565	12.741
-564	13.1027
-563	13.4746
-562	13.8571
-561	14.2505
-560	14.6551
-559	15.0711
-558	15.4989
-557	15.9389
-556	16.3914
-555	16.8567
-554	17.3353
-553	17.8274
-552	18.3335
-551	18.8539
-550	19.3891
-549	19.9396
-548	20.5056
-547	21.0877
-546	21.6864
-545	22.302
-544	22.9351
-543	23.5862
-542	24.2558
-541	24.9444
-540	25.6525
-539	26.3807
-538	27.1296
-537	27.8998
-536	28.6918
-535	29.5063
-534	30.344
-533	31.2054
-532	32.0912
-531	33.0022
-530	33.9391
-529	34.9026
-528	35.8934
-527	36.9124
-526	37.9602
-525	39.0379
-524	40.1461
-523	41.2857
-522	42.4578
-521	43.6631
-520	44.9026
-519	46.1773
-518	47.4882
-517	48.8363
-516	50.2227
-515	51.6484
-514	53.1146
-513	54.6224
-512	56.1731
-511	57.7677
-510	59.4077
-509	61.0941
-508	62.8285
-507	64.6121
-506	66.4463
-505	68.3326
-504	70.2724
-503	72.2673
-502	74.3189
-501	76.4223
-500	78.5154
-499	80.5914
-498	82.6501
-497	84.6908
-496	86.7132
-495	88.7169
-494	90.7014
-493	92.6662
-492	94.611
-491	96.5353
-490	98.4387
-489	100.321
-488	102.181
-487	104.019
-486	105.835
-485	107.628
-484	109.398
-483	111.144
-482	112.865
-481	114.563
-480	116.236
-479	117.883
-478	119.505
-477	121.101
-476	122.671
-475	124.214
-474	125.731
-473	127.22
-472	128.682
-471	130.116
-470	131.522
-469	132.899
-468	134.247
-467	135.567
-466	136.857
-465	138.117
-464	139.348
-463	140.549
-462	141.719
-461	142.858
-460	143.966
-459	145.044
-458	146.09
-457	147.104
-456	148.087
-455	149.037
-454	149.955
-453	150.841
-452	151.694
-451	152.514
-450	153.302
-449	154.056
-448	154.776
-447	155.464
-446	156.117
-445	156.737
-444	157.323
-443	157.875
-442	158.392
-441	158.876
-440	159.325
-439	159.74
-438	160.12
-437	160.465
-436	160.775
-435	161.051
-434	161.292
-433	161.498
-432	161.669
-431	161.806
-430	161.907
-429	161.973
-428	162.004
-427	162
-426	161.961
-425	161.887
-424	161.777
-423	161.633
-422	161.454
-421	161.24
-420	160.991
-419	160.707
-418	160.389
-417	160.035
-416	159.647
-415	159.225
-414	158.768
-413	158.277
-412	157.751
-411	157.191
-410	156.598
-409	155.97
-408	155.309
-407	154.614
-406	153.885
-405	153.124
-404	152.329
-403	151.501
-402	150.64
-401	149.747
-400	148.822
-399	147.864
-398	146.874
-397	145.852
-396	144.799
-395	143.715
-394	142.599
-393	141.453
-392	140.276
-391	139.068
-390	137.831
-389	136.563
-388	135.266
-387	133.94
-386	132.585
-385	131.201
-384	129.789
-383	128.349
-382	126.881
-381	125.385
-380	123.862
-379	122.313
-378	120.737
-377	119.135
-376	117.507
-375	115.854
-374	114.175
-373	112.472
-372	110.745
-371	108.993
-370	107.218
-369	105.42
-368	103.599
-367	101.756
-366	99.8904
-365	98.0034
-364	96.0952
-363	94.1661
-362	92.2167
-361	90.2473
-360	88.2584
-359	86.2504
-358	84.2237
-357	82.1788
-356	80.1162
-355	78.0361
-354	75.9392
-353	73.8259
-352	71.6966
-351	69.5517
-350	67.3919
-349	65.2174
-348	63.0288
-347	60.8266
-346	58.6112
-345	56.3832
-344	54.1429
-343	51.8909
-342	49.6277
-341	47.3537
-340	45.0695
-339	42.7756
-338	40.4724
-337	38.1604
-336	35.8402
-335	33.5122
-334	31.177
-333	28.835
-332	26.4868
-331	24.1328
-330	21.7737
-329	19.4098
-328	17.0417
-327	14.6699
-326	12.295
-325	9.91735
-324	7.53759
-323	5.15621
-322	2.77371
-321	0.390603
-320	-1.99258
-319	-4.37534
-318	-6.75715
-317	-9.1375
-316	-11.5159
-315	-13.8917
-314	-16.2646
-313	-18.634
-312	-20.9993
-311	-23.3601
-310	-25.7158
-309	-28.0659
-308	-30.41
-307	-32.7475
-306	-35.0779
-305	-37.4008
-304	-39.7155
-303	-42.0216
-302	-44.3187
-301	-46.6061
-300	-48.8835
-299	-51.1503
-298	-53.406
-297	-55.6501
-296	-57.8823
-295	-60.1018
-294	-62.3084
-293	-64.5015
-292	-66.6807
-291	-68.8454
-290	-70.9952
-289	-73.1297
-288	-75.2483
-287	-77.3506
-286	-79.4362
-285	-81.5046
-284	-83.5554
-283	-85.5881
-282	-87.6023
-281	-89.5975
-280	-91.5733
-279	-93.5293
-278	-95.4651
-277	-97.3802
-276	-99.2742
-275	-101.147
-274	-102.997
-273	-104.826
-272	-106.632
-271	-108.414
-270	-110.173
-269	-111.909
-268	-113.62
-267	-115.306
-266	-116.968
-265	-118.604
-264	-120.215
-263	-121.799
-262	-123.357
-261	-124.889
-260	-126.393
-259	-127.87
-258	-129.32
-257	-130.741
-256	-132.135
-255	-133.499
-254	-134.835
-253	-136.141
-252	-137.418
-251	-138.666
-250	-139.883
-249	-141.07
-248	-142.227
-247	-143.352
-246	-144.447
-245	-145.511
-244	-146.543
-243	-147.543
-242	-148.511
-241	-149.447
-240	-150.351
-239	-151.222
-238	-152.061
-237	-152.867
-236	-153.639
-235	-154.379
-234	-155.085
-233	-155.757
-232	-156.396
-231	-157.001
-230	-157.571
-229	-158.108
-228	-158.611
-227	-159.079
-226	-159.513
-225	-159.912
-224	-160.277
-223	-160.607
-222	-160.902
-221	-161.162
-220	-161.388
-219	-161.578
-218	-161.734
-217	-161.855
-216	-161.94
-215	-161.991
-214	-162.006
-213	-161.987
-212	-161.932
-211	-161.843
-210	-161.718
-209	-161.558
-208	-161.364
-207	-161.134
-206	-160.87
-205	-160.571
-204	-160.237
-203	-159.868
-202	-159.465
-201	-159.027
-200	-158.555
-199	-158.048
-198	-157.508
-197	-156.933
-196	-156.324
-195	-155.682
-194	-155.005
-193	-154.296
-192	-153.552
-191	-152.776
-190	-151.966
-189	-151.124
-188	-150.249
-187	-149.342
-186	-148.402
-185	-147.43
-184	-146.426
-183	-145.39
-182	-144.323
-181	-143.225
-180	-142.096
-179	-140.935
-178	-139.745
-177	-138.524
-176	-137.273
-175	-135.993
-174	-134.683
-173	-133.344
-172	-131.976
-171	-130.58
-170	-129.155
-169	-127.702
-168	-126.222
-167	-124.714
-166	-123.18
-165	-121.619
-164	-120.031
-163	-118.418
-162	-116.778
-161	-115.114
-160	-113.425
-159	-111.711
-158	-109.973
-157	-108.211
-156	-106.425
-155	-104.617
-154	-102.786
-153	-100.933
-152	-99.058
-151	-97.1615
-150	-95.244
-149	-93.3059
-148	-91.3476
-147	-89.3695
-146	-87.3721
-145	-85.3558
-144	-83.321
-143	-81.2682
-142	-79.1978
-141	-77.1102
-140	-75.006
-139	-72.8855
-138	-70.7493
-137	-68.5977
-136	-66.4313
-135	-64.2506
-134	-62.0559
-133	-59.8478
-132	-57.6267
-131	-55.3932
-130	-53.1477
-129	-50.8907
-128	-48.6227
-127	-46.3441
-126	-44.0555
-125	-41.7574
-124	-39.4503
-123	-37.1346
-122	-34.8109
-121	-32.4796
-120	-30.1414
-119	-27.7966
-118	-25.4457
-117	-23.0894
-116	-20.7281
-115	-18.3623
-114	-15.9925
-113	-13.6193
-112	-11.2431
-111	-8.86444
-110	-6.4839
-109	-4.10196
-108	-1.71912
-107	0.664079
-106	3.04714
-105	5.42954
-104	7.81077
-103	10.1903
-102	12.5676
-101	14.9422
-100	17.3136
-99	19.6812
-98	22.0446
-97	24.4032
-96	26.7565
-95	29.1041
-94	31.4453
-93	33.7797
-92	36.1068
-91	38.4261
-90	40.7371
-89	43.0393
-88	45.3322
-87	47.6152
-86	49.888
-85	52.1499
-84	54.4006
-83	56.6395
-82	58.8661
-81	61.08
-80	63.2807
-79	65.4676
-78	67.6405
-77	69.7986
-76	71.9417
-75	74.0692
-74	76.1807
-73	78.2757
-72	80.3537
-71	82.4144
-70	84.4572
-69	86.4818
-68	88.4876
-67	90.4743
-66	92.4414
-65	94.3885
-64	96.3152
-63	98.221
-62	100.106
-61	101.969
-60	103.809
-59	105.628
-58	107.423
-57	109.196
-56	110.944
-55	112.669
-54	114.369
-53	116.045
-52	117.695
-51	119.32
-50	120.919
-49	122.492
-48	124.038
-47	125.558
-46	127.05
-45	128.515
-44	129.952
-43	131.361
-42	132.742
-41	134.094
-40	135.417
-39	136.71
-38	137.974
-37	139.208
-36	140.412
-35	141.586
-34	142.729
-33	143.841
-32	144.922
-31	145.971
-30	146.989
-29	147.975
-28	148.929
-27	149.851
-26	150.741
-25	151.598
-24	152.422
-23	153.213
-22	153.971
-21	154.695
-20	155.386
-19	156.044
-18	156.668
-17	157.257
-16	157.813
-15	158.335
-14	158.822
-13	159.275
-12	159.694
-11	160.078
-10	160.427
-9	160.742
-8	161.021
-7	161.266
-6	161.476
-5	161.652
-4	161.792
-3	161.897
-2	161.967
-1	162.002
0	162.002
1	161.967
2	161.897
3	161.792
4	161.652
5	161.476
6	161.266
7	161.021
8	160.742
9	160.427
10	160.078
11	159.694
12	159.275
13	158.822
14	158.335
15	157.813
16	157.257
17	156.668
18	156.044
19	155.386
20	154.695
21	153.971
22	153.213
23	152.422
24	151.598
25	150.741
26	149.851
27	148.93
28	147.975
29	146.989
30	145.971
31	144.922
32	143.841
33	142.729
34	141.586
35	140.412
36	139.208
37	137.974
38	136.71
39	135.417
40	134.094
41	132.742
42	131.362
43	129.953
44	128.516
45	127.051
46	125.558
47	124.039
48	122.492
49	120.919
50	119.32
51	117.695
52	116.045
53	114.369
54	112.669
55	110.944
56	109.196
57	107.424
58	105.628
59	103.81
60	101.969
61	100.106
62	98.2213
63	96.3155
64	94.3888
65	92.4417
66	90.4746
67	88.4879
68	86.4821
69	84.4576
70	82.4147
71	80.3541
72	78.276
73	76.181
74	74.0696
75	71.9421
76	69.799
77	67.6408
78	65.468
79	63.281
80	61.0803
81	58.8665
82	56.6398
83	54.4009
84	52.1503
85	49.8883
86	47.6156
87	45.3325
88	43.0397
89	40.7375
90	38.4265
91	36.1072
92	33.7801
93	31.4457
94	29.1045
95	26.7569
96	24.4036
97	22.045
98	19.6816
99	17.314
100	14.9426
101	12.568
102	10.1907
103	7.81116
104	5.42993
105	3.04753
106	0.664472
107	-1.71873
108	-4.10156
109	-6.48351
110	-8.86405
111	-11.2427
112	-13.6189
113	-15.9921
114	-18.3619
115	-20.7277
116	-23.089
117	-25.4453
118	-27.7962
119	-30.141
120	-32.4793
121	-34.8105
122	-37.1342
123	-39.4499
124	-41.7571
125	-44.0552
126	-46.3437
127	-48.6223
128	-50.8903
129	-53.1473
130	-55.3929
131	-57.6264
132	-59.8474
133	-62.0555
134	-64.2502
135	-66.431
136	-68.5974
137	-70.7489
138	-72.8852
139	-75.0056
140	-77.1099
141	-79.1974
142	-81.2678
143	-83.3207
144	-85.3555
145	-87.3718
146	-89.3692
147	-91.3473
148	-93.3056
149	-95.2437
150	-97.1612
151	-99.0577
152	-100.933
153	-102.786
154	-104.617
155	-106.425
156	-108.21
157	-109.972
158	-111.71
159	-113.424
160	-115.114
161	-116.778
162	-118.417
163	-120.031
164	-121.618
165	-123.18
166	-124.714
167	-126.222
168	-127.702
169	-129.155
170	-130.58
171	-131.976
172	-133.344
173	-134.683
174	-135.993
175	-137.273
176	-138.524
177	-139.745
178	-140.935
179	-142.095
180	-143.225
181	-144.323
182	-145.39
183	-146.426
184	-147.429
185	-148.401
186	-149.341
187	-150.249
188	-151.124
189	-151.966
190	-152.776
191	-153.552
192	-154.295
193	-155.005
194	-155.681
195	-156.324
196	-156.933
197	-157.507
198	-158.048
199	-158.555
200	-159.027
201	-159.465
202	-159.868
203	-160.236
204	-160.57
205	-160.87
206	-161.134
207	-161.364
208	-161.558
209	-161.718
210	-161.843
211	-161.932
212	-161.987
213	-162.006
214	-161.991
215	-161.94
216	-161.855
217	-161.734
218	-161.578
219	-161.388
220	-161.162
221	-160.902
222	-160.607
223	-160.277
224	-159.912
225	-159.513
226	-159.079
227	-158.611
228	-158.108
229	-157.571
230	-157.001
231	-156.396
232	-155.757
233	-155.085
234	-154.379
235	-153.639
236	-152.867
237	-152.061
238	-151.223
239	-150.351
240	-149.447
241	-148.511
242	-147.543
243	-146.543
244	-145.511
245	-144.447
246	-143.353
247	-142.227
248	-141.07
249	-139.883
250	-138.666
251	-137.419
252	-136.142
253	-134.835
254	-133.499
255	-132.135
256	-130.742
257	-129.32
258	-127.871
259	-126.394
260	-124.889
261	-123.358
262	-121.799
263	-120.215
264	-118.604
265	-116.968
266	-115.306
267	-113.62
268	-111.909
269	-110.174
270	-108.414
271	-106.632
272	-104.826
273	-102.998
274	-101.147
275	-99.2746
276	-97.3805
277	-95.4654
278	-93.5296
279	-91.5736
280	-89.5978
281	-87.6026
282	-85.5884
283	-83.5557
284	-81.505
285	-79.4366
286	-77.351
287	-75.2486
288	-73.13
289	-70.9956
290	-68.8457
291	-66.681
292	-64.5019
293	-62.3088
294	-60.1022
295	-57.8826
296	-55.6505
297	-53.4063
298	-51.1506
299	-48.8838
300	-46.6065
301	-44.319
302	-42.022
303	-39.7159
304	-37.4011
305	-35.0783
306	-32.7479
307	-30.4104
308	-28.0663
309	-25.7162
310	-23.3604
311	-20.9997
312	-18.6344
313	-16.265
314	-13.8921
315	-11.5163
316	-9.13789
317	-6.75754
318	-4.37573
319	-1.99298
320	0.39021
321	2.77331
322	5.15582
323	7.5372
324	9.91696
325	12.2946
326	14.6695
327	17.0413
328	19.4094
329	21.7733
330	24.1324
331	26.4864
332	28.8346
333	31.1766
334	33.5118
335	35.8398
336	38.16
337	40.472
338	42.7752
339	45.0692
340	47.3534
341	49.6273
342	51.8905
343	54.1425
344	56.3828
345	58.6109
346	60.8262
347	63.0285
348	65.217
349	67.3915
350	69.5514
351	71.6962
352	73.8255
353	75.9389
354	78.0358
355	80.1158
356	82.1785
357	84.2234
358	86.2501
359	88.2581
360	90.247
361	92.2164
362	94.1658
363	96.0948
364	98.0031
365	99.8901
366	101.756
367	103.599
368	105.42
369	107.218
370	108.993
371	110.744
372	112.472
373	114.175
374	115.853
375	117.507
376	119.135
377	120.737
378	122.313
379	123.862
380	125.385
381	126.88
382	128.348
383	129.789
384	131.201
385	132.585
386	133.94
387	135.266
388	136.563
389	137.83
390	139.068
391	140.275
392	141.452
393	142.599
394	143.714
395	144.799
396	145.852
397	146.874
398	147.864
399	148.821
400	149.747
401	150.64
402	151.501
403	152.329
404	153.124
405	153.885
406	154.614
407	155.309
408	155.97
409	156.598
410	157.191
411	157.751
412	158.277
413	158.768
414	159.225
415	159.647
416	160.035
417	160.389
418	160.707
419	160.991
420	161.24
421	161.454
422	161.633
423	161.777
424	161.887
425	161.961
426	162
427	162.004
428	161.973
429	161.907
430	161.806
431	161.669
432	161.498
433	161.292
434	161.051
435	160.776
436	160.465
437	160.12
438	159.74
439	159.325
440	158.876
441	158.393
442	157.875
443	157.323
444	156.737
445	156.117
446	155.464
447	154.776
448	154.056
449	153.302
450	152.514
451	151.694
452	150.841
453	149.955
454	149.037
455	148.087
456	147.104
457	146.09
458	145.044
459	143.967
460	142.858
461	141.719
462	140.549
463	139.348
464	138.118
465	136.857
466	135.567
467	134.248
468	132.899
469	131.522
470	130.116
471	128.682
472	127.22
473	125.731
474	124.215
475	122.671
476	121.101
477	119.505
478	117.883
479	116.236
480	114.563
481	112.866
482	111.144
483	109.398
484	107.628
485	105.836
486	104.02
487	102.181
488	100.321
489	98.439
490	96.5356
491	94.6113
492	92.6665
493	90.7017
494	88.7172
495	86.7136
496	84.6911
497	82.6504
498	80.5918
499	78.5157
500	76.4226
