999	-1.07204e-05
998	-1.43073e-05
997	-1.79064e-05
996	-2.1521e-05
995	-2.51541e-05
994	-2.88089e-05
993	-3.24885e-05
992	-3.61961e-05
991	-3.99349e-05
990	-4.37081e-05
989	-4.75189e-05
988	-5.13707e-05
987	-5.52667e-05
986	-5.92104e-05
985	-6.32051e-05
984	-6.72542e-05
983	-7.13613e-05
982	-7.55299e-05
981	-7.97635e-05
980	-8.40659e-05
979	-8.84406e-05
978	-9.28916e-05
977	-9.74226e-05
976	-0.000102038
975	-0.00010674
974	-0.000111535
973	-0.000116426
972	-0.000121417
971	-0.000126513
970	-0.000131718
969	-0.000137036
968	-0.000142473
967	-0.000148032
966	-0.000153719
965	-0.000159538
964	-0.000165494
963	-0.000171594
962	-0.000177841
961	-0.000184241
960	-0.0001908
959	-0.000197523
958	-0.000204417
957	-0.000211486
956	-0.000218738
955	-0.000226178
954	-0.000233814
953	-0.00024165
952	-0.000249695
951	-0.000257955
950	-0.000266437
949	-0.000275149
948	-0.000284098
947	-0.000293291
946	-0.000302738
945	-0.000312445
944	-0.000322421
943	-0.000332675
942	-0.000343216
941	-0.000354052
940	-0.000365194
939	-0.00037665
938	-0.00038843
937	-0.000400546
936	-0.000413006
935	-0.000425822
934	-0.000439005
933	-0.000452566
932	-0.000466518
931	-0.000480871
930	-0.000495638
929	-0.000510833
928	-0.000526467
927	-0.000542556
926	-0.000559111
925	-0.000576149
924	-0.000593682
923	-0.000611728
922	-0.0006303
921	-0.000649415
920	-0.00066909
919	-0.000689341
918	-0.000710187
917	-0.000731644
916	-0.000753731
915	-0.000776468
914	-0.000799874
913	-0.000823969
912	-0.000848774
911	-0.00087431
910	-0.000900599
909	-0.000927665
908	-0.000955529
907	-0.000984217
906	-0.00101375
905	-0.00104416
904	-0.00107547
903	-0.00110771
902	-0.0011409
901	-0.00117507
900	-0.00121025
899	-0.00124648
898	-0.00128378
897	-0.00132219
896	-0.00136174
895	-0.00140246
894	-0.00144439
893	-0.00148756
892	-0.00153202
891	-0.00157779
890	-0.00162492
889	-0.00167346
888	-0.00172343
887	-0.00177489
886	-0.00182788
885	-0.00188245
884	-0.00193864
883	-0.00199649
882	-0.00205607
881	-0.00211742
880	-0.00218059
879	-0.00224564
878	-0.00231263
877	-0.00238161
876	-0.00245264
875	-0.00252578
874	-0.0026011
873	-0.00267866
872	-0.00275853
871	-0.00284078
870	-0.00292547
869	-0.00301268
868	-0.00310249
867	-0.00319497
866	-0.00329021
865	-0.00338828
864	-0.00348927
863	-0.00359326
862	-0.00370035
861	-0.00381063
860	-0.00392419
859	-0.00404114
858	-0.00416156
857	-0.00428557
856	-0.00441327
855	-0.00454478
854	-0.0046802
853	-0.00481965
852	-0.00496326
851	-0.00511114
850	-0.00526342
849	-0.00542024
848	-0.00558173
847	-0.00574803
846	-0.00591928
845	-0.00609563
844	-0.00627724
843	-0.00646425
842	-0.00665683
841	-0.00685514
840	-0.00705937
839	-0.00726967
838	-0.00748624
837	-0.00770925
836	-0.00793891
835	-0.00817541
834	-0.00841896
833	-0.00866975
832	-0.00892802
831	-0.00919398
830	-0.00946786
829	-0.00974989
828	-0.0100403
827	-0.0103394
826	-0.0106474
825	-0.0109646
824	-0.0112912
823	-0.0116275
822	-0.0119739
821	-0.0123306
820	-0.0126979
819	-0.0130761
818	-0.0134656
817	-0.0138667
816	-0.0142798
815	-0.0147052
814	-0.0151432
813	-0.0155943
812	-0.0160588
811	-0.0165371
810	-0.0170297
809	-0.017537
808	-0.0180594
807	-0.0185973
806	-0.0191513
805	-0.0197217
804	-0.0203092
803	-0.0209141
802	-0.0215371
801	-0.0221786
800	-0.0228392
799	-0.0235195
798	-0.0242201
797	-0.0249416
796	-0.0256845
795	-0.0264495
794	-0.0272374
793	-0.0280487
792	-0.0288842
791	-0.0297445
790	-0.0306305
789	-0.0315429
788	-0.0324825
787	-0.03345
786	-0.0344464
785	-0.0354724
784	-0.036529
783	-0.0376171
782	-0.0387376
781	-0.0398914
780	-0.0410797
779	-0.0423033
778	-0.0435634
777	-0.044861
776	-0.0461972
775	-0.0475733
774	-0.0489903
773	-0.0504496
772	-0.0519523
771	-0.0534998
770	-0.0550933
769	-0.0567344
768	-0.0584243
767	-0.0601646
766	-0.0619566
765	-0.0638021
764	-0.0657026
763	-0.0676596
762	-0.0696749
761	-0.0717503
760	-0.0738875
759	-0.0760884
758	-0.0783548
757	-0.0806887
756	-0.0830921
755	-0.0855671
754	-0.0881159
753	-0.0907405
752	-0.0934434
751	-0.0962267
750	-0.099093
749	-0.102045
748	-0.105084
747	-0.108214
746	-0.111438
745	-0.114757
744	-0.118175
743	-0.121695
742	-0.12532
741	-0.129053
740	-0.132897
739	-0.136855
738	-0.140932
737	-0.14513
736	-0.149453
735	-0.153904
734	-0.158488
733	-0.163209
732	-0.168071
731	-0.173077
730	-0.178232
729	-0.183541
728	-0.189008
727	-0.194638
726	-0.200436
725	-0.206406
724	-0.212554
723	-0.218885
722	-0.225405
721	-0.232119
720	-0.239033
719	-0.246153
718	-0.253485
717	-0.261035
716	-0.268811
715	-0.276818
714	-0.285063
713	-0.293554
712	-0.302298
711	-0.311302
710	-0.320575
709	-0.330124
708	-0.339957
707	-0.350083
706	-0.360511
705	-0.371249
704	-0.382307
703	-0.393695
702	-0.405422
701	-0.417498
700	-0.429934
699	-0.44274
698	-0.455927
697	-0.469508
696	-0.483493
695	-0.497894
694	-0.512725
693	-0.527997
692	-0.543724
691	-0.55992
690	-0.576598
689	-0.593773
688	-0.611459
687	-0.629672
686	-0.648428
685	-0.667742
684	-0.687632
683	-0.708114
682	-0.729206
681	-0.750927
680	-0.773294
679	-0.796328
678	-0.820048
677	-0.844474
676	-0.869628
675	-0.895531
674	-0.922206
673	-0.949675
672	-0.977962
671	-1.00709
670	-1.03709
669	-1.06798
668	-1.09979
667	-1.13255
666	-1.16629
665	-1.20103
664	-1.2368
663	-1.27364
662	-1.31158
661	-1.35064
660	-1.39087
659	-1.4323
658	-1.47497
657	-1.5189
656	-1.56414
655	-1.61073
654	-1.65871
653	-1.70812
652	-1.759
651	-1.81139
650	-1.86535
649	-1.92091
648	-1.97813
647	-2.03705
646	-2.09772
645	-2.16021
644	-2.22455
643	-2.29081
642	-2.35905
641	-2.42932
640	-2.50168
639	-2.57619
638	-2.65293
637	-2.73195
636	-2.81333
635	-2.89713
634	-2.98342
633	-3.07229
632	-3.1638
631	-3.25804
630	-3.35508
629	-3.45502
628	-3.55793
627	-3.66391
626	-3.77304
625	-3.88543
624	-4.00116
623	-4.12034
622	-4.24307
621	-4.36946
620	-4.49961
619	-4.63364
618	-4.77166
617	-4.91379
616	-5.06015
615	-5.21087
614	-5.36609
613	-5.52592
612	-5.69052
611	-5.86002
610	-6.03457
609	-6.21432
608	-6.39942
607	-6.59004
606	-6.78633
605	-6.98847
604	-7.19663
603	-7.411
602	-7.63174
601	-7.85907
600	-8.09316
599	-8.33423
598	-8.58247
597	-8.83811
596	-9.10137
595	-9.37247
594	-9.65164
593	-9.93913
592	-10.2352
591	-10.54
590	-10.854
589	-11.1773
588	-11.5102
587	-11.8531
586	-12.2061
585	-12.5697
584	-12.9441
583	-13.3297
582	-13.7267
581	-14.1356
580	-14.5567
579	-14.9902
578	-15.4367
577	-15.8966
576	-16.3701
575	-16.8577
574	-17.3598
573	-17.8769
572	-18.4094
571	-18.9577
570	-19.5224
569	-20.1039
568	-20.7027
567	-21.3194
566	-21.9544
565	-22.6084
564	-23.2818
563	-23.9753
562	-24.6894
561	-25.4248
560	-26.1821
559	-26.962
558	-27.7651
557	-28.5921
556	-29.4438
555	-30.3208
554	-31.2239
553	-32.154
552	-33.1118
551	-34.098
550	-35.1137
549	-36.1596
548	-37.2367
547	-38.3458
546	-39.488
545	-40.6642
544	-41.8755
543	-43.1228
542	-44.4072
541	-45.73
540	-47.0921
539	-48.4948
538	-49.9393
537	-51.4268
536	-52.9586
535	-54.5361
534	-56.1605
533	-57.8334
532	-59.556
531	-61.33
530	-63.1568
529	-65.038
528	-66.9752
527	-68.9702
526	-71.0246
525	-73.1401
524	-75.3187
523	-77.5622
522	-79.8725
521	-82.2516
520	-84.7016
519	-87.2245
518	-89.8227
517	-92.4981
516	-95.2533
515	-98.0906
514	-101.012
513	-104.021
512	-107.12
511	-110.31
510	-113.596
509	-116.98
508	-120.464
507	-124.052
506	-127.747
505	-131.552
504	-135.471
503	-139.506
502	-143.662
501	-147.929
