999	7.14492e-06
998	1.07225e-05
997	1.43064e-05
996	1.78985e-05
995	2.15009e-05
994	2.51158e-05
993	2.87452e-05
992	3.23912e-05
991	3.6056e-05
990	3.97416e-05
989	4.34502e-05
988	4.71839e-05
987	5.09449e-05
986	5.47354e-05
985	5.85575e-05
984	6.24135e-05
983	6.63056e-05
982	7.0236e-05
981	7.42071e-05
980	7.8221e-05
979	8.22802e-05
978	8.63869e-05
977	9.05437e-05
976	9.47528e-05
975	9.90166e-05
974	0.000103338
973	0.000107719
972	0.000112162
971	0.00011667
970	0.000121245
969	0.000125891
968	0.000130609
967	0.000135403
966	0.000140276
965	0.000145229
964	0.000150266
963	0.000155391
962	0.000160605
961	0.000165912
960	0.000171315
959	0.000176817
958	0.000182421
957	0.000188131
956	0.000193949
955	0.00019988
954	0.000205926
953	0.000212092
952	0.00021838
951	0.000224794
950	0.000231338
949	0.000238016
948	0.000244832
947	0.00025179
946	0.000258892
945	0.000266145
944	0.000273552
943	0.000281116
942	0.000288844
941	0.000296738
940	0.000304804
939	0.000313046
938	0.000321469
937	0.000330078
936	0.000338879
935	0.000347874
934	0.000357072
933	0.000366475
932	0.000376091
931	0.000385924
930	0.00039598
929	0.000406265
928	0.000416785
927	0.000427547
926	0.000438555
925	0.000449817
924	0.000461339
923	0.000473128
922	0.000485191
921	0.000497534
920	0.000510165
919	0.000523091
918	0.000536319
917	0.000549857
916	0.000563714
915	0.000577896
914	0.000592413
913	0.000607272
912	0.000622483
911	0.000638053
910	0.000653992
909	0.00067031
908	0.000687015
907	0.000704118
906	0.000721627
905	0.000739554
904	0.000757909
903	0.000776702
902	0.000795944
901	0.000815646
900	0.00083582
899	0.000856478
898	0.00087763
897	0.000899291
896	0.000921471
895	0.000944184
894	0.000967443
893	0.000991262
892	0.00101565
891	0.00104063
890	0.00106621
889	0.00109241
888	0.00111924
887	0.00114672
886	0.00117486
885	0.00120368
884	0.00123319
883	0.00126342
882	0.00129438
881	0.00132609
880	0.00135856
879	0.00139182
878	0.00142588
877	0.00146077
876	0.00149651
875	0.00153311
874	0.00157059
873	0.00160899
872	0.00164831
871	0.00168859
870	0.00172984
869	0.0017721
868	0.00181538
867	0.00185971
866	0.00190511
865	0.00195162
864	0.00199925
863	0.00204805
862	0.00209802
861	0.00214921
860	0.00220164
859	0.00225535
858	0.00231036
857	0.0023667
856	0.00242441
855	0.00248353
854	0.00254408
853	0.00260611
852	0.00266964
851	0.00273471
850	0.00280136
849	0.00286964
848	0.00293958
847	0.00301121
846	0.00308459
845	0.00315975
844	0.00323673
843	0.00331559
842	0.00339637
841	0.00347911
840	0.00356386
839	0.00365068
838	0.0037396
837	0.00383069
836	0.00392399
835	0.00401956
834	0.00411746
833	0.00421773
832	0.00432045
831	0.00442566
830	0.00453344
829	0.00464383
828	0.00475691
827	0.00487274
826	0.00499139
825	0.00511293
824	0.00523742
823	0.00536494
822	0.00549557
821	0.00562937
820	0.00576643
819	0.00590682
818	0.00605063
817	0.00619793
816	0.00634882
815	0.00650339
814	0.00666171
813	0.00682389
812	0.00699001
811	0.00716017
810	0.00733448
809	0.00751302
808	0.00769591
807	0.00788325
806	0.00807515
805	0.00827172
804	0.00847308
803	0.00867933
802	0.0088906
801	0.00910701
800	0.00932869
799	0.00955577
798	0.00978837
797	0.0100266
796	0.0102707
795	0.0105207
794	0.0107768
793	0.0110391
792	0.0113078
791	0.011583
790	0.011865
789	0.0121538
788	0.0124496
787	0.0127526
786	0.013063
785	0.013381
784	0.0137066
783	0.0140403
782	0.014382
781	0.0147321
780	0.0150906
779	0.0154579
778	0.0158342
777	0.0162196
776	0.0166143
775	0.0170187
774	0.017433
773	0.0178573
772	0.0182919
771	0.0187371
770	0.0191931
769	0.0196603
768	0.0201388
767	0.020629
766	0.0211311
765	0.0216454
764	0.0221722
763	0.0227118
762	0.0232646
761	0.0238309
760	0.0244109
759	0.025005
758	0.0256136
757	0.026237
756	0.0268756
755	0.0275297
754	0.0281998
753	0.0288861
752	0.0295892
751	0.0303093
750	0.031047
749	0.0318027
748	0.0325767
747	0.0333696
746	0.0341817
745	0.0350137
744	0.0358659
743	0.0367388
742	0.037633
741	0.0385489
740	0.0394871
739	0.0404482
738	0.0414326
737	0.0424411
736	0.043474
735	0.0445321
734	0.045616
733	0.0467262
732	0.0478634
731	0.0490284
730	0.0502216
729	0.051444
728	0.052696
727	0.0539786
726	0.0552923
725	0.0566381
724	0.0580166
723	0.0594286
722	0.060875
721	0.0623566
720	0.0638743
719	0.0654289
718	0.0670213
717	0.0686525
716	0.0703234
715	0.072035
714	0.0737882
713	0.0755841
712	0.0774237
711	0.0793081
710	0.0812383
709	0.0832156
708	0.0852409
707	0.0873155
706	0.0894407
705	0.0916175
704	0.0938474
703	0.0961315
702	0.0984711
701	0.100868
700	0.103323
699	0.105837
698	0.108413
697	0.111052
696	0.113755
695	0.116523
694	0.119359
693	0.122265
692	0.12524
691	0.128288
690	0.131411
689	0.134609
688	0.137885
687	0.141241
686	0.144679
685	0.1482
684	0.151807
683	0.155502
682	0.159286
681	0.163163
680	0.167134
679	0.171202
678	0.175369
677	0.179637
676	0.184009
675	0.188488
674	0.193075
673	0.197774
672	0.202588
671	0.207519
670	0.212569
669	0.217743
668	0.223042
667	0.228471
666	0.234032
665	0.239728
664	0.245562
663	0.251539
662	0.257661
661	0.263932
660	0.270356
659	0.276936
658	0.283676
657	0.29058
656	0.297652
655	0.304897
654	0.312317
653	0.319919
652	0.327705
651	0.335681
650	0.343851
649	0.35222
648	0.360792
647	0.369573
646	0.378568
645	0.387782
644	0.39722
643	0.406888
642	0.416791
641	0.426935
640	0.437326
639	0.447969
638	0.458872
637	0.470041
636	0.481481
635	0.493199
634	0.505203
633	0.517499
632	0.530094
631	0.542995
630	0.556211
629	0.569748
628	0.583615
627	0.59782
626	0.61237
625	0.627274
624	0.642541
623	0.658179
622	0.674198
621	0.690607
620	0.707415
619	0.724633
618	0.742269
617	0.760335
616	0.77884
615	0.797796
614	0.817213
613	0.837103
612	0.857477
611	0.878346
610	0.899724
609	0.921622
608	0.944053
607	0.967029
606	0.990565
605	1.01467
604	1.03937
603	1.06467
602	1.09058
601	1.11712
600	1.14431
599	1.17216
598	1.20069
597	1.22991
596	1.25985
595	1.29051
594	1.32192
593	1.35409
592	1.38705
591	1.42081
590	1.45539
589	1.49081
588	1.52709
587	1.56426
586	1.60233
585	1.64133
584	1.68128
583	1.7222
582	1.76411
581	1.80705
580	1.85103
579	1.89608
578	1.94223
577	1.9895
576	2.03792
575	2.08752
574	2.13833
573	2.19037
572	2.24368
571	2.29829
570	2.35423
569	2.41153
568	2.47022
567	2.53034
566	2.59192
565	2.65501
564	2.71963
563	2.78582
562	2.85362
561	2.92307
560	2.99422
559	3.06709
558	3.14174
557	3.2182
556	3.29653
555	3.37676
554	3.45895
553	3.54313
552	3.62937
551	3.7177
550	3.80818
549	3.90087
548	3.99581
547	4.09306
546	4.19268
545	4.29472
544	4.39925
543	4.50632
542	4.616
541	4.72835
540	4.84343
539	4.96131
538	5.08206
537	5.20575
536	5.33245
535	5.46223
534	5.59517
533	5.73135
532	5.87084
531	6.01373
530	6.1601
529	6.31002
528	6.4636
527	6.62091
526	6.78206
525	6.94712
524	7.1162
523	7.2894
522	7.46681
521	7.64854
520	7.8347
519	8.02538
518	8.22071
517	8.42079
516	8.62574
515	8.83567
514	9.05072
513	9.271
512	9.49664
511	9.72778
510	9.96454
509	10.2071
508	10.4555
507	10.71
506	10.9706
505	11.2376
504	11.5111
503	11.7913
502	12.0783
501	12.3713
