999	-1.07212e-05
998	-1.43099e-05
997	-1.79123e-05
996	-2.15321e-05
995	-2.51727e-05
994	-2.88376e-05
993	-3.25303e-05
992	-3.62544e-05
991	-4.00135e-05
990	-4.38112e-05
989	-4.76513e-05
988	-5.15373e-05
987	-5.54731e-05
986	-5.94624e-05
985	-6.35092e-05
984	-6.76172e-05
983	-7.17906e-05
982	-7.60332e-05
981	-8.03492e-05
980	-8.47428e-05
979	-8.92182e-05
978	-9.37798e-05
977	-9.84319e-05
976	-0.000103179
975	-0.000108026
974	-0.000112977
973	-0.000118037
972	-0.000123211
971	-0.000128504
970	-0.000133921
969	-0.000139467
968	-0.000145148
967	-0.000150969
966	-0.000156936
965	-0.000163054
964	-0.00016933
963	-0.000175769
962	-0.000182378
961	-0.000189163
960	-0.00019613
959	-0.000203287
958	-0.00021064
957	-0.000218197
956	-0.000225964
955	-0.000233949
954	-0.00024216
953	-0.000250605
952	-0.000259292
951	-0.000268229
950	-0.000277425
949	-0.000286889
948	-0.00029663
947	-0.000306657
946	-0.00031698
945	-0.000327609
944	-0.000338555
943	-0.000349827
942	-0.000361437
941	-0.000373396
940	-0.000385716
939	-0.000398407
938	-0.000411484
937	-0.000424957
936	-0.000438841
935	-0.000453149
934	-0.000467894
933	-0.000483091
932	-0.000498754
931	-0.000514898
930	-0.00053154
929	-0.000548695
928	-0.000566379
927	-0.00058461
926	-0.000603406
925	-0.000622784
924	-0.000642763
923	-0.000663363
922	-0.000684603
921	-0.000706504
920	-0.000729088
919	-0.000752375
918	-0.000776388
917	-0.000801151
916	-0.000826687
915	-0.000853021
914	-0.000880179
913	-0.000908187
912	-0.000937071
911	-0.00096686
910	-0.000997582
909	-0.00102927
908	-0.00106195
907	-0.00109565
906	-0.00113041
905	-0.00116627
904	-0.00120324
903	-0.00124139
902	-0.00128072
901	-0.0013213
900	-0.00136315
899	-0.00140632
898	-0.00145084
897	-0.00149677
896	-0.00154414
895	-0.001593
894	-0.0016434
893	-0.00169538
892	-0.001749
891	-0.00180431
890	-0.00186137
889	-0.00192021
888	-0.00198092
887	-0.00204353
886	-0.00210812
885	-0.00217474
884	-0.00224346
883	-0.00231435
882	-0.00238748
881	-0.0024629
880	-0.00254071
879	-0.00262097
878	-0.00270375
877	-0.00278915
876	-0.00287724
875	-0.00296811
874	-0.00306184
873	-0.00315853
872	-0.00325827
871	-0.00336115
870	-0.00346728
869	-0.00357676
868	-0.00368969
867	-0.00380618
866	-0.00392634
865	-0.0040503
864	-0.00417817
863	-0.00431006
862	-0.00444613
861	-0.00458648
860	-0.00473126
859	-0.0048806
858	-0.00503466
857	-0.00519358
856	-0.00535752
855	-0.00552662
854	-0.00570106
853	-0.00588101
852	-0.00606663
851	-0.0062581
850	-0.00645562
849	-0.00665938
848	-0.00686956
847	-0.00708637
846	-0.00731002
845	-0.00754073
844	-0.00777872
843	-0.00802422
842	-0.00827747
841	-0.0085387
840	-0.00880818
839	-0.00908616
838	-0.00937292
837	-0.00966872
836	-0.00997386
835	-0.0102886
834	-0.0106133
833	-0.0109483
832	-0.0112938
831	-0.0116502
830	-0.0120179
829	-0.0123971
828	-0.0127883
827	-0.0131919
826	-0.0136082
825	-0.0140377
824	-0.0144807
823	-0.0149377
822	-0.0154091
821	-0.0158953
820	-0.016397
819	-0.0169144
818	-0.0174482
817	-0.0179988
816	-0.0185668
815	-0.0191527
814	-0.0197572
813	-0.0203806
812	-0.0210238
811	-0.0216873
810	-0.0223717
809	-0.0230776
808	-0.0238059
807	-0.0245572
806	-0.0253321
805	-0.0261315
804	-0.0269562
803	-0.0278068
802	-0.0286843
801	-0.0295895
800	-0.0305233
799	-0.0314865
798	-0.0324802
797	-0.0335051
796	-0.0345625
795	-0.0356532
794	-0.0367783
793	-0.0379389
792	-0.0391361
791	-0.0403712
790	-0.0416452
789	-0.0429594
788	-0.044315
787	-0.0457135
786	-0.0471561
785	-0.0486442
784	-0.0501792
783	-0.0517627
782	-0.0533962
781	-0.0550812
780	-0.0568194
779	-0.0586125
778	-0.0604621
777	-0.0623701
776	-0.0643383
775	-0.0663687
774	-0.0684631
773	-0.0706236
772	-0.0728522
771	-0.0751512
770	-0.0775228
769	-0.0799692
768	-0.0824927
767	-0.085096
766	-0.0877813
765	-0.0905514
764	-0.093409
763	-0.0963567
762	-0.0993974
761	-0.102534
760	-0.10577
759	-0.109108
758	-0.112551
757	-0.116102
756	-0.119766
755	-0.123546
754	-0.127444
753	-0.131466
752	-0.135615
751	-0.139894
750	-0.144309
749	-0.148863
748	-0.153561
747	-0.158407
746	-0.163405
745	-0.168562
744	-0.173881
743	-0.179368
742	-0.185029
741	-0.190868
740	-0.196891
739	-0.203104
738	-0.209514
737	-0.216125
736	-0.222945
735	-0.229981
734	-0.237238
733	-0.244725
732	-0.252448
731	-0.260414
730	-0.268632
729	-0.277109
728	-0.285854
727	-0.294875
726	-0.30418
725	-0.313779
724	-0.323681
723	-0.333895
722	-0.344432
721	-0.355301
720	-0.366514
719	-0.37808
718	-0.390011
717	-0.402318
716	-0.415014
715	-0.428111
714	-0.441621
713	-0.455557
712	-0.469933
711	-0.484762
710	-0.50006
709	-0.51584
708	-0.532119
707	-0.548911
706	-0.566233
705	-0.584101
704	-0.602534
703	-0.621548
702	-0.641162
701	-0.661395
700	-0.682267
699	-0.703797
698	-0.726007
697	-0.748917
696	-0.772551
695	-0.79693
694	-0.822079
693	-0.848021
692	-0.874782
691	-0.902388
690	-0.930864
689	-0.96024
688	-0.990542
687	-1.0218
686	-1.05405
685	-1.08731
684	-1.12162
683	-1.15701
682	-1.19353
681	-1.23119
680	-1.27004
679	-1.31012
678	-1.35147
677	-1.39411
676	-1.43811
675	-1.48349
674	-1.5303
673	-1.5786
672	-1.62841
671	-1.6798
670	-1.73281
669	-1.78749
668	-1.8439
667	-1.90209
666	-1.96211
665	-2.02403
664	-2.0879
663	-2.15379
662	-2.22176
661	-2.29187
660	-2.36419
659	-2.4388
658	-2.51576
657	-2.59515
656	-2.67704
655	-2.76152
654	-2.84867
653	-2.93856
652	-3.0313
651	-3.12696
650	-3.22563
649	-3.32742
648	-3.43243
647	-3.54074
646	-3.65248
645	-3.76774
644	-3.88664
643	-4.00929
642	-4.13581
641	-4.26632
640	-4.40096
639	-4.53984
638	-4.6831
637	-4.83088
636	-4.98333
635	-5.14059
634	-5.30281
633	-5.47015
632	-5.64277
631	-5.82084
630	-6.00453
629	-6.19402
628	-6.38948
627	-6.59111
626	-6.79911
625	-7.01367
624	-7.235
623	-7.46331
622	-7.69883
621	-7.94178
620	-8.1924
619	-8.45093
618	-8.71761
617	-8.99272
616	-9.2765
615	-9.56924
614	-9.87121
613	-10.1827
612	-10.5041
611	-10.8355
610	-11.1775
609	-11.5302
608	-11.894
607	-12.2694
606	-12.6566
605	-13.056
604	-13.468
603	-13.893
602	-14.3314
601	-14.7837
600	-15.2502
599	-15.7314
598	-16.2279
597	-16.74
596	-17.2682
595	-17.8132
594	-18.3753
593	-18.9552
592	-19.5533
591	-20.1704
590	-20.8069
589	-21.4635
588	-22.1408
587	-22.8395
586	-23.5603
585	-24.3038
584	-25.0707
583	-25.8619
582	-26.678
581	-27.5199
580	-28.3883
579	-29.2842
578	-30.2083
577	-31.1616
576	-32.1449
575	-33.1593
574	-34.2057
573	-35.2852
572	-36.3987
571	-37.5473
570	-38.7322
569	-39.9544
568	-41.2153
567	-42.5159
566	-43.8576
565	-45.2416
564	-46.6693
563	-48.142
562	-49.6612
561	-51.2284
560	-52.845
559	-54.5126
558	-56.2329
557	-58.0074
556	-59.838
555	-61.7263
554	-63.6742
553	-65.6835
552	-67.7563
551	-69.8945
550	-72.1001
549	-74.3754
548	-76.7224
547	-79.1436
546	-81.6411
545	-84.2174
544	-86.8751
543	-89.6166
542	-92.4446
541	-95.3619
540	-98.3712
539	-101.476
538	-104.678
537	-107.981
536	-111.389
535	-114.904
534	-118.53
533	-122.27
532	-126.129
531	-130.109
530	-134.215
529	-138.45
528	-142.819
527	-147.326
526	-151.975
525	-156.771
524	-161.718
523	-166.822
522	-172.086
521	-177.517
520	-183.119
519	-188.897
518	-194.858
517	-201.007
516	-207.351
515	-213.894
514	-220.644
513	-227.607
512	-234.789
511	-242.198
510	-249.841
509	-257.726
508	-265.859
507	-274.248
506	-282.903
505	-291.83
504	-301.04
503	-310.54
502	-320.339
501	-330.422
