999	-0.000011
998	-0.000014
997	-0.000018
996	-0.000022
995	-0.000025
994	-0.000029
993	-0.000032
992	-0.000036
991	-0.000040
990	-0.000044
989	-0.000048
988	-0.000051
987	-0.000055
986	-0.000059
985	-0.000063
984	-0.000067
983	-0.000071
982	-0.000076
981	-0.000080
980	-0.000084
979	-0.000088
978	-0.000093
977	-0.000097
976	-0.000102
975	-0.000107
974	-0.000112
973	-0.000116
972	-0.000121
971	-0.000127
970	-0.000132
969	-0.000137
968	-0.000142
967	-0.000148
966	-0.000154
965	-0.000160
964	-0.000165
963	-0.000172
962	-0.000178
961	-0.000184
960	-0.000191
959	-0.000198
958	-0.000204
957	-0.000211
956	-0.000219
955	-0.000226
954	-0.000234
953	-0.000242
952	-0.000250
951	-0.000258
950	-0.000266
949	-0.000275
948	-0.000284
947	-0.000293
946	-0.000303
945	-0.000312
944	-0.000322
943	-0.000333
942	-0.000343
941	-0.000354
940	-0.000365
939	-0.000377
938	-0.000388
937	-0.000401
936	-0.000413
935	-0.000426
934	-0.000439
933	-0.000453
932	-0.000467
931	-0.000481
930	-0.000496
929	-0.000511
928	-0.000526
927	-0.000543
926	-0.000559
925	-0.000576
924	-0.000594
923	-0.000612
922	-0.000630
921	-0.000649
920	-0.000669
919	-0.000689
918	-0.000710
917	-0.000732
916	-0.000754
915	-0.000776
914	-0.000800
913	-0.000824
912	-0.000849
911	-0.000874
910	-0.000901
909	-0.000928
908	-0.000956
907	-0.000984
906	-0.001014
905	-0.001044
904	-0.001075
903	-0.001108
902	-0.001141
901	-0.001175
900	-0.001210
899	-0.001246
898	-0.001284
897	-0.001322
896	-0.001362
895	-0.001402
894	-0.001444
893	-0.001488
892	-0.001532
891	-0.001578
890	-0.001625
889	-0.001673
888	-0.001723
887	-0.001775
886	-0.001828
885	-0.001882
884	-0.001939
883	-0.001996
882	-0.002056
881	-0.002117
880	-0.002181
879	-0.002246
878	-0.002313
877	-0.002382
876	-0.002453
875	-0.002526
874	-0.002601
873	-0.002679
872	-0.002759
871	-0.002841
870	-0.002925
869	-0.003013
868	-0.003102
867	-0.003195
866	-0.003290
865	-0.003388
864	-0.003489
863	-0.003593
862	-0.003700
861	-0.003811
860	-0.003924
859	-0.004041
858	-0.004162
857	-0.004286
856	-0.004413
855	-0.004545
854	-0.004680
853	-0.004820
852	-0.004963
851	-0.005111
850	-0.005263
849	-0.005420
848	-0.005582
847	-0.005748
846	-0.005919
845	-0.006096
844	-0.006277
843	-0.006464
842	-0.006657
841	-0.006855
840	-0.007059
839	-0.007270
838	-0.007486
837	-0.007709
836	-0.007939
835	-0.008175
834	-0.008419
833	-0.008670
832	-0.008928
831	-0.009194
830	-0.009468
829	-0.009750
828	-0.010040
827	-0.010339
826	-0.010647
825	-0.010965
824	-0.011291
823	-0.011628
822	-0.011974
821	-0.012331
820	-0.012698
819	-0.013076
818	-0.013466
817	-0.013867
816	-0.014280
815	-0.014705
814	-0.015143
813	-0.015594
812	-0.016059
811	-0.016537
810	-0.017030
809	-0.017537
808	-0.018059
807	-0.018597
806	-0.019151
805	-0.019722
804	-0.020309
803	-0.020914
802	-0.021537
801	-0.022179
800	-0.022839
799	-0.023520
798	-0.024220
797	-0.024942
796	-0.025684
795	-0.026450
794	-0.027237
793	-0.028049
792	-0.028884
791	-0.029745
790	-0.030631
789	-0.031543
788	-0.032482
787	-0.033450
786	-0.034446
785	-0.035472
784	-0.036529
783	-0.037617
782	-0.038738
781	-0.039891
780	-0.041080
779	-0.042303
778	-0.043563
777	-0.044861
776	-0.046197
775	-0.047573
774	-0.048990
773	-0.050450
772	-0.051952
771	-0.053500
770	-0.055093
769	-0.056734
768	-0.058424
767	-0.060165
766	-0.061957
765	-0.063802
764	-0.065703
763	-0.067660
762	-0.069675
761	-0.071750
760	-0.073888
759	-0.076088
758	-0.078355
757	-0.080689
756	-0.083092
755	-0.085567
754	-0.088116
753	-0.090741
752	-0.093443
751	-0.096227
750	-0.099093
749	-0.102045
748	-0.105084
747	-0.108214
746	-0.111438
745	-0.114757
744	-0.118175
743	-0.121695
742	-0.125320
741	-0.129053
740	-0.132897
739	-0.136855
738	-0.140932
737	-0.145130
736	-0.149453
735	-0.153904
734	-0.158488
733	-0.163209
732	-0.168071
731	-0.173077
730	-0.178232
729	-0.183541
728	-0.189008
727	-0.194638
726	-0.200436
725	-0.206406
724	-0.212554
723	-0.218885
722	-0.225405
721	-0.232119
720	-0.239033
719	-0.246153
718	-0.253485
717	-0.261035
716	-0.268811
715	-0.276818
714	-0.285063
713	-0.293554
712	-0.302298
711	-0.311302
710	-0.320575
709	-0.330124
708	-0.339957
707	-0.350083
706	-0.360511
705	-0.371249
704	-0.382307
703	-0.393695
702	-0.405422
701	-0.417498
700	-0.429934
699	-0.442740
698	-0.455927
697	-0.469508
696	-0.483493
695	-0.497894
694	-0.512725
693	-0.527997
692	-0.543724
691	-0.559920
690	-0.576598
689	-0.593773
688	-0.611459
687	-0.629672
686	-0.648428
685	-0.667742
684	-0.687632
683	-0.708114
682	-0.729206
681	-0.750927
680	-0.773294
679	-0.796328
678	-0.820048
677	-0.844474
676	-0.869628
675	-0.895531
674	-0.922206
673	-0.949675
672	-0.977962
671	-1.007092
670	-1.037090
669	-1.067981
668	-1.099792
667	-1.132551
666	-1.166286
665	-1.201026
664	-1.236800
663	-1.273640
662	-1.311577
661	-1.350644
660	-1.390875
659	-1.432304
658	-1.474967
657	-1.518901
656	-1.564144
655	-1.610734
654	-1.658712
653	-1.708119
652	-1.758998
651	-1.811393
650	-1.865347
649	-1.920910
648	-1.978127
647	-2.037048
646	-2.097724
645	-2.160208
644	-2.224553
643	-2.290814
642	-2.359050
641	-2.429317
640	-2.501678
639	-2.576194
638	-2.652930
637	-2.731951
636	-2.813326
635	-2.897125
634	-2.983420
633	-3.072286
632	-3.163798
631	-3.258036
630	-3.355082
629	-3.455018
628	-3.557930
627	-3.663908
626	-3.773043
625	-3.885429
624	-4.001162
623	-4.120342
622	-4.243072
621	-4.369458
620	-4.499609
619	-4.633636
618	-4.771656
617	-4.913786
616	-5.060151
615	-5.210875
614	-5.366088
613	-5.525925
612	-5.690522
611	-5.860023
610	-6.034572
609	-6.214320
608	-6.399423
607	-6.590039
606	-6.786332
605	-6.988473
604	-7.196635
603	-7.410997
602	-7.631744
601	-7.859066
600	-8.093160
599	-8.334226
598	-8.582473
597	-8.838115
596	-9.101371
595	-9.372468
594	-9.651640
593	-9.939128
592	-10.235180
591	-10.540049
590	-10.854000
589	-11.177302
588	-11.510234
587	-11.853083
586	-12.206144
585	-12.569721
584	-12.944128
583	-13.329688
582	-13.726732
581	-14.135602
580	-14.556651
579	-14.990242
578	-15.436748
577	-15.896554
576	-16.370056
575	-16.857661
574	-17.359791
573	-17.876877
572	-18.409366
571	-18.957715
570	-19.522398
569	-20.103901
568	-20.702724
567	-21.319384
566	-21.954413
565	-22.608357
564	-23.281779
563	-23.975260
562	-24.689398
561	-25.424807
560	-26.182122
559	-26.961994
558	-27.765095
557	-28.592119
556	-29.443776
555	-30.320801
554	-31.223950
553	-32.154000
552	-33.111753
551	-34.098034
550	-35.113693
549	-36.159605
548	-37.236671
547	-38.345819
546	-39.488004
545	-40.664211
544	-41.875453
543	-43.122774
542	-44.407247
541	-45.729981
540	-47.092114
539	-48.494821
538	-49.939309
537	-51.426823
536	-52.958644
535	-54.536094
534	-56.160530
533	-57.833352
532	-59.556001
531	-61.329962
530	-63.156763
529	-65.037978
528	-66.975228
527	-68.970182
526	-71.024558
525	-73.140126
524	-75.318710
523	-77.562186
522	-79.872487
521	-82.251604
520	-84.701586
519	-87.224545
518	-89.822653
517	-92.498150
516	-95.253340
515	-98.090598
514	-101.012367
513	-104.021166
512	-107.119586
511	-110.310296
510	-113.596047
509	-116.979669
508	-120.464076
507	-124.052272
506	-127.747347
505	-131.552485
504	-135.470965
503	-139.506163
502	-143.661554
501	-147.929094
