9	0	-0.100992
9	0.01	-0.0641914
9	0.02	-0.0273904
9	0.03	0.00941053
9	0.04	0.0462115
9	0.05	0.0830125
9	0.06	0.119813
9	0.07	0.156614
9	0.08	0.193415
9	0.09	0.230216
9	0.1	0.267017
9	0.11	0.303818
9	0.12	0.340619
9	0.13	0.377418
9	0.14	0.414216
9	0.15	0.451011
9	0.16	0.487798
9	0.17	0.524573
9	0.18	0.561324
9	0.19	0.598036
9	0.2	0.634682
9	0.21	0.671222
9	0.22	0.707598
9	0.23	0.743722
9	0.24	0.779473
9	0.25	0.814681
9	0.26	0.849117
9	0.27	0.882479
9	0.28	0.914381
9	0.29	0.944347
9	0.3	0.971809
9	0.31	0.996126
9	0.32	1.01662
9	0.33	1.03261
9	0.34	1.04351
9	0.35	1.04888
9	0.36	1.04849
9	0.37	1.04236
9	0.38	1.03073
9	0.39	1.0141
9	0.4	0.993048
9	0.41	0.968265
9	0.42	0.940429
9	0.43	0.910171
9	0.44	0.878045
9	0.45	0.844518
9	0.46	0.809962
9	0.47	0.774668
9	0.48	0.738858
9	0.49	0.702694
9	0.5	0.666291
9	0.51	0.629734
9	0.52	0.593077
9	0.53	0.556359
9	0.54	0.519604
9	0.55	0.482827
9	0.56	0.446038
9	0.57	0.409243
9	0.58	0.372445
9	0.59	0.335645
9	0.6	0.298845
9	0.61	0.262044
9	0.62	0.225243
9	0.63	0.188442
9	0.64	0.151641
9	0.65	0.11484
9	0.66	0.0780395
9	0.67	0.0412386
9	0.68	0.00443776
9	0.69	-0.0323631
9	0.7	-0.069164
9	0.71	-0.105965
9	0.72	-0.142766
9	0.73	-0.179567
9	0.74	-0.216368
9	0.75	-0.253168
9	0.76	-0.289969
9	0.77	-0.32677
9	0.78	-0.36357
9	0.79	-0.400369
9	0.8	-0.437165
9	0.81	-0.473955
9	0.82	-0.510736
9	0.83	-0.547497
9	0.84	-0.584226
9	0.85	-0.620901
9	0.86	-0.657486
9	0.87	-0.693932
9	0.88	-0.730163
9	0.89	-0.766072
9	0.9	-0.801508
9	0.91	-0.836265
9	0.92	-0.870072
9	0.93	-0.902574
9	0.94	-0.93333
9	0.95	-0.961806
9	0.96	-0.987386
9	0.97	-1.0094
9	0.98	-1.02716
9	0.99	-1.04004
9	1	-1.04753
9	1.01	-1.04932
9	1.02	-1.04533
9	1.03	-1.03573
9	1.04	-1.02091
9	1.05	-1.00144
9	1.06	-0.977986
9	1.07	-0.951222
9	1.08	-0.921806
9	1.09	-0.890323
9	1.1	-0.857275
9	1.11	-0.823068
9	1.12	-0.788022
9	1.13	-0.752385
9	1.14	-0.716338
9	1.15	-0.680014
9	1.16	-0.643507
9	1.17	-0.606883
9	1.18	-0.570184
9	1.19	-0.533441
9	1.2	-0.496671
9	1.21	-0.459886
9	1.22	-0.423093
9	1.23	-0.386296
9	1.24	-0.349496
9	1.25	-0.312696
9	1.26	-0.275895
9	1.27	-0.239095
9	1.28	-0.202294
9	1.29	-0.165493
9	1.3	-0.128692
9	1.31	-0.0918915
9	1.32	-0.0550907
9	1.33	-0.0182899
9	1.34	0.0185109
9	1.35	0.0553117
9	1.36	0.0921125
9	1.37	0.128913
9	1.38	0.165714
9	1.39	0.202515
9	1.4	0.239316
9	1.41	0.276117
9	1.42	0.312917
9	1.43	0.349717
9	1.44	0.386517
9	1.45	0.423314
9	1.46	0.460107
9	1.47	0.496892
9	1.48	0.533662
9	1.49	0.570405
9	1.5	0.607103
9	1.51	0.643727
9	1.52	0.680233
9	1.53	0.716556
9	1.54	0.7526
9	1.55	0.788235
9	1.56	0.823276
9	1.57	0.857477
9	1.58	0.890518
9	1.59	0.921989
9	1.6	0.951391
9	1.61	0.978138
9	1.62	1.00157
9	1.63	1.02101
9	1.64	1.0358
9	1.65	1.04537
9	1.66	1.04933
9	1.67	1.0475
9	1.68	1.03998
9	1.69	1.02707
9	1.7	1.00928
9	1.71	0.987242
9	1.72	0.961643
9	1.73	0.933152
9	1.74	0.902384
9	1.75	0.869873
9	1.76	0.836059
9	1.77	0.801297
9	1.78	0.765858
9	1.79	0.729947
9	1.8	0.693715
9	1.81	0.657268
9	1.82	0.620682
9	1.83	0.584007
9	1.84	0.547278
9	1.85	0.510516
9	1.86	0.473736
9	1.87	0.436946
9	1.88	0.40015
9	1.89	0.363351
9	1.9	0.326551
9	1.91	0.289751
9	1.92	0.25295
9	1.93	0.216149
9	1.94	0.179349
9	1.95	0.142548
9	1.96	0.105747
9	1.97	0.0689466
9	1.98	0.0321458
9	1.99	-0.00465491
9	2	-0.0414556
9	2.01	-0.0782564
9	2.02	-0.115057
9	2.03	-0.151858
9	2.04	-0.188659
9	2.05	-0.225459
9	2.06	-0.26226
9	2.07	-0.299061
9	2.08	-0.335861
9	2.09	-0.372661
9	2.1	-0.409459
9	2.11	-0.446254
9	2.12	-0.483042
9	2.13	-0.519818
9	2.14	-0.556573
9	2.15	-0.593291
9	2.16	-0.629947
9	2.17	-0.666504
9	2.18	-0.702905
9	2.19	-0.739068
9	2.2	-0.774875
9	2.21	-0.810165
9	2.22	-0.844716
9	2.23	-0.878236
9	2.24	-0.910352
9	2.25	-0.940598
9	2.26	-0.968418
9	2.27	-0.99318
9	2.28	-1.01421
9	2.29	-1.03082
9	2.3	-1.04241
9	2.31	-1.04851
9	2.32	-1.04887
9	2.33	-1.04347
9	2.34	-1.03253
9	2.35	-1.01651
9	2.36	-0.995995
9	2.37	-0.971657
9	2.38	-0.944179
9	2.39	-0.914201
9	2.4	-0.88229
9	2.41	-0.848921
9	2.42	-0.81448
9	2.43	-0.779269
9	2.44	-0.743515
9	2.45	-0.707389
9	2.46	-0.671013
9	2.47	-0.634472
9	2.48	-0.597826
9	2.49	-0.561114
9	2.5	-0.524363
9	2.51	-0.487589
9	2.52	-0.450802
9	2.53	-0.414007
9	2.54	-0.37721
9	2.55	-0.34041
9	2.56	-0.30361
9	2.57	-0.266809
9	2.58	-0.230009
9	2.59	-0.193208
9	2.6	-0.156408
9	2.61	-0.119607
9	2.62	-0.0828062
9	2.63	-0.0460056
9	2.64	-0.00920493
9	2.65	0.0275957
9	2.66	0.0643964
9	2.67	0.101197
9	2.68	0.137998
9	2.69	0.174798
9	2.7	0.211599
9	2.71	0.2484
9	2.72	0.2852
9	2.73	0.322001
9	2.74	0.3588
9	2.75	0.395599
9	2.76	0.432396
9	2.77	0.469187
9	2.78	0.505969
9	2.79	0.542733
9	2.8	0.579467
9	2.81	0.61615
9	2.82	0.65275
9	2.83	0.689217
9	2.84	0.725481
9	2.85	0.761439
9	2.86	0.796946
9	2.87	0.831805
9	2.88	0.865753
9	2.89	0.898447
9	2.9	0.929458
9	2.91	0.958262
9	2.92	0.984254
9	2.93	1.00677
9	2.94	1.02512
9	2.95	1.03866
9	2.96	1.04688
9	2.97	1.04941
9	2.98	1.04617
9	2.99	1.03727
9	3	1.02311
9	3.01	1.00421
9	3.02	0.981229
9	3.03	0.954856
9	3.04	0.925749
9	3.05	0.894505
9	3.06	0.861635
9	3.07	0.827558
9	3.08	0.792607
9	3.09	0.757035
9	3.1	0.721033
9	3.11	0.684739
9	3.12	0.648252
9	3.13	0.61164
9	3.14	0.574949
9	3.15	0.538211
9	3.16	0.501444
9	3.17	0.46466
9	3.18	0.427868
9	3.19	0.391072
9	3.2	0.354273
9	3.21	0.317473
9	3.22	0.280673
9	3.23	0.243872
9	3.24	0.207071
9	3.25	0.170271
9	3.26	0.13347
9	3.27	0.0966698
9	3.28	0.0598692
9	3.29	0.0230686
9	3.3	-0.013732
9	3.31	-0.0505326
9	3.32	-0.0873331
9	3.33	-0.124134
9	3.34	-0.160934
9	3.35	-0.197735
9	3.36	-0.234535
9	3.37	-0.271336
9	3.38	-0.308136
9	3.39	-0.344936
9	3.4	-0.381736
9	3.41	-0.418533
9	3.42	-0.455327
9	3.43	-0.492113
9	3.44	-0.528885
9	3.45	-0.565632
9	3.46	-0.602337
9	3.47	-0.638973
9	3.48	-0.675497
9	3.49	-0.711848
9	3.5	-0.747935
9	3.51	-0.783632
9	3.52	-0.818762
9	3.53	-0.853089
9	3.54	-0.886301
9	3.55	-0.918002
9	3.56	-0.947705
9	3.57	-0.974832
9	3.58	-0.998737
9	3.59	-1.01873
9	3.6	-1.03416
9	3.61	-1.04443
9	3.62	-1.04914
9	3.63	-1.04807
9	3.64	-1.04127
9	3.65	-1.02903
9	3.66	-1.01184
9	3.67	-0.990322
9	3.68	-0.965148
9	3.69	-0.936997
9	3.7	-0.906493
9	3.71	-0.874182
9	3.72	-0.840516
9	3.73	-0.805861
9	3.74	-0.770497
9	3.75	-0.734638
9	3.76	-0.698441
9	3.77	-0.662018
9	3.78	-0.625446
9	3.79	-0.588781
9	3.8	-0.552058
9	3.81	-0.5153
9	3.82	-0.478522
9	3.83	-0.441732
9	3.84	-0.404937
9	3.85	-0.368139
9	3.86	-0.33134
9	3.87	-0.294539
9	3.88	-0.257739
9	3.89	-0.220939
9	3.9	-0.184138
9	3.91	-0.147338
9	3.92	-0.110537
9	3.93	-0.0737366
9	3.94	-0.0369361
9	3.95	-0.000135584
9	3.96	0.0366649
9	3.97	0.0734654
9	3.98	0.110266
9	3.99	0.147066
9	4	0.183867
9	4.01	0.220667
9	4.02	0.257468
9	4.03	0.294268
9	4.04	0.331068
9	4.05	0.367868
9	4.06	0.404666
9	4.07	0.441461
9	4.08	0.478251
9	4.09	0.515029
9	4.1	0.551787
9	4.11	0.588511
9	4.12	0.625176
9	4.13	0.661749
9	4.14	0.698174
9	4.15	0.734373
9	4.16	0.770235
9	4.17	0.805602
9	4.18	0.840264
9	4.19	0.873938
9	4.2	0.906261
9	4.21	0.93678
9	4.22	0.964951
9	4.23	0.990149
9	4.24	1.0117
9	4.25	1.02892
9	4.26	1.0412
9	4.27	1.04804
9	4.28	1.04915
9	4.29	1.04449
9	4.3	1.03425
9	4.31	1.01887
9	4.32	0.998899
9	4.33	0.975021
9	4.34	0.947915
9	4.35	0.918229
9	4.36	0.886541
9	4.37	0.853338
9	4.38	0.819019
9	4.39	0.783894
9	4.4	0.7482
9	4.41	0.712116
9	4.42	0.675767
9	4.43	0.639244
9	4.44	0.602609
9	4.45	0.565904
9	4.46	0.529157
9	4.47	0.492385
9	4.48	0.4556
9	4.49	0.418806
9	4.5	0.382009
9	4.51	0.34521
9	4.52	0.30841
9	4.53	0.27161
9	4.54	0.23481
9	4.55	0.198009
9	4.56	0.161209
9	4.57	0.124408
9	4.58	0.0876078
9	4.59	0.0508074
9	4.6	0.014007
9	4.61	-0.0227934
9	4.62	-0.0595939
9	4.63	-0.0963943
9	4.64	-0.133195
9	4.65	-0.169995
9	4.66	-0.206796
9	4.67	-0.243596
9	4.68	-0.280396
9	4.69	-0.317197
9	4.7	-0.353996
9	4.71	-0.390795
9	4.72	-0.427592
9	4.73	-0.464383
9	4.74	-0.501167
9	4.75	-0.537934
9	4.76	-0.574672
9	4.77	-0.611363
9	4.78	-0.647976
9	4.79	-0.684464
9	4.8	-0.720759
9	4.81	-0.756764
9	4.82	-0.79234
9	4.83	-0.827296
9	4.84	-0.861381
9	4.85	-0.894261
9	4.86	-0.925519
9	4.87	-0.954644
9	4.88	-0.981041
9	4.89	-1.00405
9	4.9	-1.02298
9	4.91	-1.03719
9	4.92	-1.04612
9	4.93	-1.04941
9	4.94	-1.04692
9	4.95	-1.03874
9	4.96	-1.02524
9	4.97	-1.00692
9	4.98	-0.984438
9	4.99	-0.95847
9	5	-0.929685
