7	0	2	1
7	0.01	1.88546	0.998027
7	0.02	1.59682	0.992115
7	0.03	1.23707	0.982287
7	0.04	0.860026	0.968583
7	0.05	0.480571	0.951057
7	0.06	0.10098	0.929776
7	0.07	-0.278611	0.904827
7	0.08	-0.658188	0.876307
7	0.09	-1.03716	0.844328
7	0.1	-1.40954	0.809017
7	0.11	-1.74615	0.770513
7	0.12	-1.9665	0.728969
7	0.13	-1.96941	0.684547
7	0.14	-1.75403	0.637424
7	0.15	-1.42015	0.587785
7	0.16	-1.04911	0.535827
7	0.17	-0.671078	0.481754
7	0.18	-0.292376	0.425779
7	0.19	0.0863433	0.368125
7	0.2	0.465062	0.309017
7	0.21	0.843663	0.24869
7	0.22	1.22009	0.187381
7	0.23	1.58047	0.125333
7	0.24	1.87346	0.0627905
7	0.25	1.99731	-3.21625e-16
7	0.26	1.88631	-0.0627905
7	0.27	1.60094	-0.125333
7	0.28	1.24353	-0.187381
7	0.29	0.868348	-0.24869
7	0.3	0.49064	-0.309017
7	0.31	0.112784	-0.368125
7	0.32	-0.265074	-0.425779
7	0.33	-0.64292	-0.481754
7	0.34	-1.02023	-0.535827
7	0.35	-1.39153	-0.587785
7	0.36	-1.72957	-0.637424
7	0.37	-1.95731	-0.684547
7	0.38	-1.97292	-0.728969
7	0.39	-1.76838	-0.770513
7	0.4	-1.44015	-0.809017
7	0.41	-1.07181	-0.844328
7	0.42	-0.695631	-0.876307
7	0.43	-0.318654	-0.904827
7	0.44	0.0583473	-0.929776
7	0.45	0.435348	-0.951057
7	0.46	0.812262	-0.968583
7	0.47	1.1874	-0.982287
7	0.48	1.54876	-0.992115
7	0.49	1.84993	-0.998027
7	0.5	1.99301	-1
7	0.51	1.90388	-0.998027
7	0.52	1.63186	-0.992115
7	0.53	1.27992	-0.982287
7	0.54	0.907151	-0.968583
7	0.55	0.531209	-0.951057
7	0.56	0.155054	-0.929776
7	0.57	-0.221104	-0.904827
7	0.58	-0.597256	-0.876307
7	0.59	-0.973033	-0.844328
7	0.6	-1.34418	-0.809017
7	0.61	-1.68793	-0.770513
7	0.62	-1.93516	-0.728969
7	0.63	-1.98246	-0.684547
7	0.64	-1.80419	-0.637424
7	0.65	-1.48834	-0.587785
7	0.66	-1.1244	-0.535827
7	0.67	-0.750302	-0.481754
7	0.68	-0.375031	-0.425779
7	0.69	0.000284692	-0.368125
7	0.7	0.375601	-0.309017
7	0.71	0.750871	-0.24869
7	0.72	1.12497	-0.187381
7	0.73	1.48885	-0.125333
7	0.74	1.80442	-0.0627905
7	0.75	1.98163	2.41961e-15
7	0.76	1.93334	0.0627905
7	0.77	1.68706	0.125333
7	0.78	1.34503	0.187381
7	0.79	0.975611	0.24869
7	0.8	0.601513	0.309017
7	0.81	0.227031	0.368125
7	0.82	-0.147459	0.425779
7	0.83	-0.521947	0.481754
7	0.84	-0.896239	0.535827
7	0.85	-1.26756	0.587785
7	0.86	-1.61914	0.637424
7	0.87	-1.89395	0.684547
7	0.88	-1.99011	0.728969
7	0.89	-1.85622	0.770513
7	0.9	-1.56245	0.809017
7	0.91	-1.20585	0.844328
7	0.92	-0.834319	0.876307
7	0.93	-0.460764	0.904827
7	0.94	-0.0870982	0.929776
7	0.95	0.286568	0.951057
7	0.96	0.660219	0.968583
7	0.97	1.03326	0.982287
7	0.98	1.39991	0.992115
7	0.99	1.73229	0.998027
7	1	1.9537	1
7	1.01	1.96543	0.998027
7	1.02	1.76166	0.992115
7	1.03	1.43698	0.982287
7	1.04	1.07281	0.968583
7	1.05	0.70081	0.951057
7	1.06	0.327986	0.929776
7	1.07	-0.0448645	0.904827
7	1.08	-0.417714	0.876307
7	1.09	-0.790493	0.844328
7	1.1	-1.16174	0.809017
7	1.11	-1.52084	0.770513
7	1.12	-1.82567	0.728969
7	1.13	-1.98344	0.684547
7	1.14	-1.91498	0.637424
7	1.15	-1.65833	0.587785
7	1.16	-1.31463	0.535827
7	1.17	-0.946867	0.481754
7	1.18	-0.575132	0.425779
7	1.19	-0.20309	0.368125
7	1.2	0.168957	0.309017
7	1.21	0.541001	0.24869
7	1.22	0.912816	0.187381
7	1.23	1.28137	0.125333
7	1.24	1.62901	0.0627905
7	1.25	1.89739	-4.96168e-15
7	1.26	1.98565	-0.0627905
7	1.27	1.84675	-0.125333
7	1.28	1.55242	-0.187381
7	1.29	1.19755	-0.24869
7	1.3	0.828357	-0.309017
7	1.31	0.457217	-0.368125
7	1.32	0.0859717	-0.425779
7	1.33	-0.285274	-0.481754
7	1.34	-0.656505	-0.535827
7	1.35	-1.02715	-0.587785
7	1.36	-1.39162	-0.637424
7	1.37	-1.72301	-0.684547
7	1.38	-1.94677	-0.728969
7	1.39	-1.96487	-0.770513
7	1.4	-1.76801	-0.809017
7	1.41	-1.44803	-0.844328
7	1.42	-1.08692	-0.876307
7	1.43	-0.71742	-0.904827
7	1.44	-0.347001	-0.929776
7	1.45	0.0234513	-0.951057
7	1.46	0.393903	-0.968583
7	1.47	0.764301	-0.982287
7	1.48	1.13342	-0.992115
7	1.49	1.49197	-0.998027
7	1.5	1.80181	-1
7	1.51	1.97474	-0.998027
7	1.52	1.92664	-0.992115
7	1.53	1.68451	-0.982287
7	1.54	1.34769	-0.968583
7	1.55	0.983294	-0.951057
7	1.56	0.614052	-0.929776
7	1.57	0.24439	-0.904827
7	1.58	-0.12528	-0.876307
7	1.59	-0.49495	-0.844328
7	1.6	-0.864468	-0.809017
7	1.61	-1.23156	-0.770513
7	1.62	-1.58191	-0.728969
7	1.63	-1.86494	-0.684547
7	1.64	-1.98364	-0.637424
7	1.65	-1.87647	-0.587785
7	1.66	-1.60038	-0.535827
7	1.67	-1.25281	-0.481754
7	1.68	-0.88688	-0.425779
7	1.69	-0.518174	-0.368125
7	1.7	-0.149282	-0.309017
7	1.71	0.219613	-0.24869
7	1.72	0.588501	-0.187381
7	1.73	0.957048	-0.125333
7	1.74	1.32141	-0.0627905
7	1.75	1.66102	8.39193e-15
7	1.76	1.91263	0.0627905
7	1.77	1.97675	0.125333
7	1.78	1.81926	0.187381
7	1.79	1.51846	0.24869
7	1.8	1.16422	0.309017
7	1.81	0.797761	0.368125
7	1.82	0.42972	0.425779
7	1.83	0.0615992	0.481754
7	1.84	-0.306522	0.535827
7	1.85	-0.674623	0.587785
7	1.86	-1.04205	0.637424
7	1.87	-1.40284	0.684547
7	1.88	-1.72912	0.728969
7	1.89	-1.94589	0.770513
7	1.9	-1.95779	0.809017
7	1.91	-1.75899	0.844328
7	1.92	-1.44062	0.876307
7	1.93	-1.08237	0.904827
7	1.94	-0.715945	0.929776
7	1.95	-0.348622	0.951057
7	1.96	0.0187345	0.968583
7	1.97	0.38609	0.982287
7	1.98	0.753397	0.992115
7	1.99	1.11953	0.998027
7	2	1.47581	1
7	2.01	1.78636	0.998027
7	2.02	1.9664	0.992115
7	2.03	1.93042	0.982287
7	2.04	1.69868	0.968583
7	2.05	1.36801	0.951057
7	2.06	1.00744	0.929776
7	2.07	0.64137	0.904827
7	2.08	0.274781	0.876307
7	2.09	-0.0918202	0.844328
7	2.1	-0.458421	0.809017
7	2.11	-0.824917	0.770513
7	2.12	-1.18953	0.728969
7	2.13	-1.54038	0.684547
7	2.14	-1.83325	0.637424
7	2.15	-1.97628	0.587785
7	2.16	-1.8979	0.535827
7	2.17	-1.64046	0.481754
7	2.18	-1.30128	0.425779
7	2.19	-0.939499	0.368125
7	2.2	-0.573949	0.309017
7	2.21	-0.208099	0.24869
7	2.22	0.157755	0.187381
7	2.23	0.523607	0.125333
7	2.24	0.889266	0.0627905
7	2.25	1.25212	2.54813e-14
7	2.26	1.59669	-0.0627905
7	2.27	1.87058	-0.125333
7	2.28	1.97783	-0.187381
7	2.29	1.86298	-0.24869
7	2.3	1.58582	-0.309017
7	2.31	1.24085	-0.368125
7	2.32	0.87854	-0.425779
7	2.33	0.513606	-0.481754
7	2.34	0.148497	-0.535827
7	2.35	-0.216614	-0.587785
7	2.36	-0.58172	-0.637424
7	2.37	-0.946507	-0.684547
7	2.38	-1.30737	-0.728969
7	2.39	-1.645	-0.770513
7	2.4	-1.89938	-0.809017
7	2.41	-1.97329	-0.844328
7	2.42	-1.82788	-0.876307
7	2.43	-1.5358	-0.904827
7	2.44	-1.18694	-0.929776
7	2.45	-0.824547	-0.951057
7	2.46	-0.460282	-0.968583
7	2.47	-0.09591	-0.982287
7	2.48	0.268462	-0.992115
7	2.49	0.632823	-0.998027
7	2.5	0.996702	-1
7	2.51	1.3554	-0.998027
7	2.52	1.6857	-0.992115
7	2.53	1.92086	-0.982287
7	2.54	1.96475	-0.968583
7	2.55	1.79432	-0.951057
7	2.56	1.49108	-0.929776
7	2.57	1.13968	-0.904827
7	2.58	0.777482	-0.876307
7	2.59	0.413909	-0.844328
7	2.6	0.0502701	-0.809017
7	2.61	-0.313369	-0.770513
7	2.62	-0.676988	-0.728969
7	2.63	-1.03993	-0.684547
7	2.64	-1.39634	-0.637424
7	2.65	-1.71926	-0.587785
7	2.66	-1.93628	-0.535827
7	2.67	-1.95405	-0.481754
7	2.68	-1.76356	-0.425779
7	2.69	-1.45211	-0.368125
7	2.7	-1.09911	-0.309017
7	2.71	-0.737282	-0.24869
7	2.72	-0.374411	-0.187381
7	2.73	-0.0114979	-0.125333
7	2.74	0.351416	-0.0627905
7	2.75	0.714297	-9.31053e-14
7	2.76	1.07629	0.0627905
7	2.77	1.43041	0.125333
7	2.78	1.74623	0.187381
7	2.79	1.94687	0.24869
7	2.8	1.94267	0.309017
7	2.81	1.73652	0.368125
7	2.82	1.41914	0.425779
7	2.83	1.06522	0.481754
7	2.84	0.70387	0.535827
7	2.85	0.341703	0.587785
7	2.86	-0.0204928	0.637424
7	2.87	-0.382688	0.684547
7	2.88	-0.744838	0.728969
7	2.89	-1.10589	0.770513
7	2.9	-1.4578	0.809017
7	2.91	-1.76717	0.844328
7	2.92	-1.95374	0.876307
7	2.93	-1.93183	0.904827
7	2.94	-1.71384	0.929776
7	2.95	-1.39231	0.951057
7	2.96	-1.03795	0.968583
7	2.97	-0.677161	0.982287
7	2.98	-0.315697	0.992115
7	2.99	0.0457879	0.998027
7	3	0.407273	1
7	3.01	0.768697	0.998027
7	3.02	1.12883	0.992115
7	3.03	1.47873	0.982287
7	3.04	1.7826	0.968583
7	3.05	1.95784	0.951057
7	3.06	1.92243	0.929776
7	3.07	1.69594	0.904827
7	3.08	1.3717	0.876307
7	3.09	1.01727	0.844328
7	3.1	0.657077	0.809017
7	3.11	0.296312	0.770513
7	3.12	-0.0644692	0.728969
7	3.13	-0.42525	0.684547
7	3.14	-0.785958	0.637424
7	3.15	-1.14522	0.587785
7	3.16	-1.49341	0.535827
7	3.17	-1.79298	0.481754
7	3.18	-1.9599	0.425779
7	3.19	-1.91513	0.368125
7	3.2	-1.68309	0.309017
7	3.21	-1.35732	0.24869
7	3.22	-1.00309	0.187381
7	3.23	-0.643539	0.125333
7	3.24	-0.283469	0.0627905
7	3.25	0.076614	1.60729e-13
7	3.26	0.436697	-0.0627905
7	3.27	0.796698	-0.125333
7	3.28	1.15515	-0.187381
7	3.29	1.50199	-0.24869
7	3.3	1.79867	-0.309017
7	3.31	1.96048	-0.368125
7	3.32	1.91035	-0.425779
7	3.33	1.67545	-0.481754
7	3.34	1.34915	-0.535827
7	3.35	0.995367	-0.587785
7	3.36	0.636475	-0.637424
7	3.37	0.277096	-0.684547
7	3.38	-0.0822954	-0.728969
7	3.39	-0.441687	-0.770513
7	3.4	-0.800992	-0.809017
7	3.41	-1.15871	-0.844328
7	3.42	-1.50462	-0.876307
7	3.43	-1.79991	-0.904827
7	3.44	-1.95987	-0.929776
7	3.45	-1.90831	-0.951057
7	3.46	-1.67307	-0.968583
7	3.47	-1.34717	-0.982287
7	3.48	-0.994023	-0.992115
7	3.49	-0.635815	-0.998027
7	3.5	-0.277122	-1
7	3.51	0.081584	-0.998027
7	3.52	0.440289	-0.992115
7	3.53	0.79891	-0.982287
7	3.54	1.15596	-0.968583
7	3.55	1.50138	-0.951057
7	3.56	1.7968	-0.929776
7	3.57	1.95819	-0.904827
7	3.58	1.90905	-0.876307
7	3.59	1.67591	-0.844328
7	3.6	1.3513	-0.809017
7	3.61	0.998994	-0.770513
7	3.62	0.641488	-0.728969
7	3.63	0.283477	-0.684547
7	3.64	-0.0745484	-0.637424
7	3.65	-0.432573	-0.587785
7	3.66	-0.79052	-0.535827
7	3.67	-1.14699	-0.481754
7	3.68	-1.49232	-0.425779
7	3.69	-1.78933	-0.368125
7	3.7	-1.95533	-0.309017
7	3.71	-1.91243	-0.24869
7	3.72	-1.68386	-0.187381
7	3.73	-1.36147	-0.125333
7	3.74	-1.01021	-0.0627905
7	3.75	-0.653429	-2.28353e-13
7	3.76	-0.296095	0.0627905
7	3.77	0.061255	0.125333
7	3.78	0.418605	0.187381
7	3.79	0.775888	0.24869
7	3.8	1.13183	0.309017
7	3.81	1.47744	0.368125
7	3.82	1.77737	0.425779
7	3.83	1.95099	0.481754
7	3.84	1.91812	0.535827
7	3.85	1.69673	0.587785
7	3.86	1.37757	0.637424
7	3.87	1.0276	0.684547
7	3.88	0.671573	0.728969
7	3.89	0.314913	0.770513
7	3.9	-0.0417675	0.809017
7	3.91	-0.398448	0.844328
7	3.92	-0.755074	0.876307
7	3.93	-1.11054	0.904827
7	3.94	-1.45671	0.929776
7	3.95	-1.76069	0.951057
7	3.96	-1.94466	0.968583
7	3.97	-1.92561	0.982287
7	3.98	-1.71421	0.992115
7	3.99	-1.39946	0.998027
7	4	-1.05108	1
7	4.01	-0.695857	0.998027
7	4.02	-0.339869	0.992115
7	4.03	0.0161459	0.982287
7	4.04	0.372161	0.968583
7	4.05	0.728136	0.951057
7	4.06	1.08315	0.929776
7	4.07	1.43007	0.904827
7	4.08	1.73896	0.876307
7	4.09	1.93569	0.844328
7	4.1	1.93422	0.809017
7	4.11	1.73592	0.770513
7	4.12	1.42699	0.728969
7	4.13	1.08059	0.684547
7	4.14	0.726223	0.637424
7	4.15	0.370908	0.587785
7	4.16	0.015554	0.535827
7	4.17	-0.3398	0.481754
7	4.18	-0.695127	0.425779
7	4.19	-1.0497	0.368125
7	4.2	-1.39747	0.309017
7	4.21	-1.71182	0.24869
7	4.22	-1.92325	0.187381
7	4.23	-1.94304	0.125333
7	4.24	-1.7613	0.0627905
7	4.25	-1.45994	2.92425e-13
7	4.26	-1.11604	-0.0627905
7	4.27	-0.762615	-0.125333
7	4.28	-0.407977	-0.187381
7	4.29	-0.0532795	-0.24869
7	4.3	0.301418	-0.309017
7	4.31	0.656099	-0.368125
7	4.32	1.01022	-0.425779
7	4.33	1.35883	-0.481754
7	4.34	1.67889	-0.535827
7	4.35	1.90643	-0.587785
7	4.36	1.95094	-0.637424
7	4.37	1.78964	-0.684547
7	4.38	1.49802	-0.728969
7	4.39	1.15731	-0.770513
7	4.4	0.804976	-0.809017
7	4.41	0.451023	-0.844328
7	4.42	0.0969772	-0.876307
7	4.43	-0.257069	-0.904827
7	4.44	-0.611105	-0.929776
7	4.45	-0.96475	-0.951057
7	4.46	-1.31412	-0.968583
7	4.47	-1.63982	-0.982287
7	4.48	-1.88426	-0.992115
7	4.49	-1.95659	-0.998027
7	4.5	-1.82	-1
7	4.51	-1.54083	-0.998027
7	4.52	-1.20429	-0.992115
7	4.53	-0.853235	-0.982287
7	4.54	-0.499985	-0.968583
7	4.55	-0.146587	-0.951057
7	4.56	0.206813	-0.929776
7	4.57	0.560208	-0.904827
7	4.58	0.913348	-0.876307
7	4.59	1.26331	-0.844328
7	4.6	1.59431	-0.809017
7	4.61	1.85577	-0.770513
7	4.62	1.95845	-0.728969
7	4.63	1.85115	-0.684547
7	4.64	1.58783	-0.637424
7	4.65	1.25676	-0.587785
7	4.66	0.907308	-0.535827
7	4.67	0.554795	-0.481754
7	4.68	0.202038	-0.425779
7	4.69	-0.150722	-0.368125
7	4.7	-0.50348	-0.309017
7	4.71	-0.856086	-0.24869
7	4.72	-1.20645	-0.187381
7	4.73	-1.54216	-0.125333
7	4.74	-1.82007	-0.0627905
7	4.75	-1.95484	-3.60049e-13
7	4.76	-1.88157	0.0627905
7	4.77	-1.63826	0.125333
7	4.78	-1.31448	0.187381
7	4.79	-0.967086	0.24869
7	4.8	-0.615373	0.309017
7	4.81	-0.263256	0.368125
7	4.82	0.0888708	0.425779
7	4.83	0.440997	0.481754
7	4.84	0.793041	0.535827
7	4.85	1.1436	0.587785
7	4.86	1.48327	0.637424
7	4.87	1.77644	0.684547
7	4.88	1.944	0.728969
7	4.89	1.90936	0.770513
7	4.9	1.69108	0.809017
7	4.91	1.37708	0.844328
7	4.92	1.03245	0.876307
7	4.93	0.681649	0.904827
7	4.94	0.330174	0.929776
7	4.95	-0.0213242	0.951057
7	4.96	-0.372822	0.968583
7	4.97	-0.724281	0.982287
7	4.98	-1.07482	0.992115
7	4.99	-1.41764	0.998027
7	5	-1.72437	1
