6.66134e-16
0.666667
1
1.33333
1.66667
2
2.33333
2.66667
3
3.33333
3.66667
4
4.33333
4.66667
5
5.33333
5.66667
6
6.33333
6.66667
7
7.33333
7.66667
8
8.33333
8.66667
9
9.33333
9.66667
10
10.3333
10.6667
11
11.3333
11.6667
12
12.3333
12.6667
13
13.3333
13.6667
14
14.3333
14.6667
15
15.3333
15.6667
16
16.3333
16.6667
17
17.3333
17.6667
18
18.3333
18.6667
19
19.3333
19.6667
20
20.3333
20.6667
21
21.3333
21.6667
22
22.3333
22.6667
23
23.3333
23.6667
24
24.3333
24.6667
25
25.3333
25.6667
26
26.3333
26.6667
27
27.3333
27.6667
28
28.3333
28.6667
29
29.3333
29.6667
30
30.3333
30.6667
31
31.3333
31.6667
32
32.3333
32.6667
33
33.3333
33.6667
34
34.3333
34.6667
35
35.3333
35.6667
36
36.3333
36.6667
37
37.3333
37.6667
38
38.3333
38.6667
39
39.3333
39.6667
40
40.3333
40.6667
41
41.3333
41.6667
42
42.3333
42.6667
43
43.3333
43.6667
44
44.3333
44.6667
45
45.3333
45.6667
46
46.3333
46.6667
47
47.3333
47.6667
48
48.3333
48.6667
49
49.3333
49.6667
50
50.3333
50.6667
51
51.3333
51.6667
52
52.3333
52.6667
53
53.3333
53.6667
54
54.3333
54.6667
55
55.3333
55.6667
56
56.3333
56.6667
57
57.3333
57.6667
58
58.3333
58.6667
59
59.3333
59.6667
60
60.3333
60.6667
61
61.3333
61.6667
62
62.3333
62.6667
63
63.3333
63.6667
64
64.3333
64.6667
65
65.3333
65.6667
66
66.3333
66.6667
67
67.3333
67.6667
68
68.3333
68.6667
69
69.3333
69.6667
70
70.3333
70.6667
71
71.3333
71.6667
72
72.3333
72.6667
73
73.3333
73.6667
74
74.3333
74.6667
75
75.3333
75.6667
76
76.3333
76.6667
77
77.3333
77.6667
78
78.3333
78.6667
79
79.3333
79.6667
80
80.3333
80.6667
81
81.3333
81.6667
82
82.3333
82.6667
83
83.3333
83.6667
84
84.3333
84.6667
85
85.3333
85.6667
86
86.3333
86.6667
87
87.3333
87.6667
88
88.3333
88.6667
89
89.3333
89.6667
90
90.3333
90.6667
91
91.3333
91.6667
92
92.3333
92.6667
93
93.3333
93.6667
94
94.3333
94.6667
95
95.3333
95.6667
96
96.3333
96.6667
97
97.3333
97.6667
98
98.3333
98.6667
99
99.3333
99.6667
100
100.333
100.667
101
101.333
101.667
102
102.333
102.667
103
103.333
103.667
104
104.333
104.667
105
105.333
105.667
106
106.333
106.667
107
107.333
107.667
108
108.333
108.667
109
109.333
109.667
110
110.333
110.667
111
111.333
111.667
112
112.333
112.667
113
113.333
113.667
114
114.333
114.667
115
115.333
115.667
116
116.333
116.667
117
117.333
117.667
118
118.333
118.667
119
119.333
119.667
120
120.333
120.667
121
121.333
121.667
122
122.333
122.667
123
123.333
123.667
124
124.333
124.667
125
125.333
125.667
126
126.333
126.667
127
127.333
127.667
128
128.333
128.667
129
129.333
129.667
130
130.333
130.667
131
131.333
131.667
132
132.333
132.667
133
133.333
133.667
134
134.333
134.667
135
135.333
135.667
136
136.333
136.667
137
137.333
137.667
138
138.333
138.667
139
139.333
139.667
140
140.333
140.667
141
141.333
141.667
142
142.333
142.667
143
143.333
143.667
144
144.333
144.667
145
145.333
145.667
146
146.333
146.667
147
147.333
147.667
148
148.333
148.667
149
149.333
149.667
150
150.333
150.667
151
151.333
151.667
152
152.333
152.667
153
153.333
153.667
154
154.333
154.667
155
155.333
155.667
156
156.333
156.667
157
157.333
157.667
158
158.333
158.667
159
159.333
159.667
160
160.333
160.667
161
161.333
161.667
162
162.333
162.667
163
163.333
163.667
164
164.333
164.667
165
165.333
165.667
166
166.333
166.667
167
167.333
167.667
168
168.333
168.667
169
169.333
169.667
170
170.333
170.667
171
171.333
171.667
172
172.333
172.667
173
173.333
173.667
174
174.333
174.667
175
175.333
175.667
176
176.333
176.667
177
177.333
177.667
178
178.333
178.667
179
179.333
179.667
180
180.333
180.667
181
181.333
181.667
182
182.333
182.667
183
183.333
183.667
184
184.333
184.667
185
185.333
185.667
186
186.333
186.667
187
187.333
187.667
188
188.333
188.667
189
189.333
189.667
190
190.333
190.667
191
191.333
191.667
192
192.333
192.667
193
193.333
193.667
194
194.333
194.667
195
195.333
195.667
196
196.333
196.667
197
197.333
197.667
198
198.333
198.667
199
199.333
199.667
200
200.333
200.667
201
201.333
201.667
202
202.333
202.667
203
203.333
203.667
204
204.333
204.667
205
205.333
205.667
206
206.333
206.667
207
207.333
207.667
208
208.333
208.667
209
209.333
209.667
210
210.333
210.667
211
211.333
211.667
212
212.333
212.667
213
213.333
213.667
214
214.333
214.667
215
215.333
215.667
216
216.333
216.667
217
217.333
217.667
218
218.333
218.667
219
219.333
219.667
220
220.333
220.667
221
221.333
221.667
222
222.333
222.667
223
223.333
223.667
224
224.333
224.667
225
225.333
225.667
226
226.333
226.667
227
227.333
227.667
228
228.333
228.667
229
229.333
229.667
230
230.333
230.667
231
231.333
231.667
232
232.333
232.667
233
233.333
233.667
234
234.333
234.667
235
235.333
235.667
236
236.333
236.667
237
237.333
237.667
238
238.333
238.667
239
239.333
239.667
240
240.333
240.667
241
241.333
241.667
242
242.333
242.667
243
243.333
243.667
244
244.333
244.667
245
245.333
245.667
246
246.333
246.667
247
247.333
247.667
248
248.333
248.667
249
249.333
249.667
250
250.333
250.667
251
251.333
251.667
252
252.333
252.667
253
253.333
253.667
254
254.333
254.667
255
255.333
255.667
256
256.333
256.667
257
257.333
257.667
258
258.333
258.667
259
259.333
259.667
260
260.333
260.667
261
261.333
261.667
262
262.333
262.667
263
263.333
263.667
264
264.333
264.667
265
265.333
265.667
266
266.333
534
