-0.112546
1.59297
-0.0884736
-0.967196
0.559641
0.42671
-0.899511
0.0410906
-0.49107
0.521395
-1.08233
-1.03577
-0.43258
2.95924
1.86821
0.636835
-1.47102
0.611518
-1.61802
-0.675177
-0.0784876
0.289675
2.67272
0.38606
1.97414
-1.40756
0.520139
-0.116683
-1.07852
0.210987
0.0794712
1.15143
-0.0348119
-0.829049
-0.340942
-0.322578
1.64936
-0.358234
-0.680954
-1.0452
-1.4459
-0.315705
0.734548
0.441927
2.22734
0.0395013
-0.408475
-0.0126867
0.458615
0.24181
0.31891
0.510576
0.781586
-0.13908
-0.0642976
1.79506
-2.08804
-1.00916
-1.04681
-1.00838
-0.922656
-0.721843
-0.411839
-0.291113
-1.07039
0.84304
0.0267181
-0.920663
-0.801779
1.24602
-0.438867
0.241257
1.41337
-1.06675
0.703721
0.37138
0.730442
0.0421963
2.4543
0.776443
-1.60821
-0.112155
1.76316
1.22332
2.54201
-1.79832
0.798648
0.0116455
-1.5774
-0.627257
-1.04541
-0.593073
0.909273
-1.51155
-1.21555
-0.24877
0.434962
-0.0686021
-1.36668
1.86736
-1.29223
-0.889563
-1.40839
-0.184528
1.62661
-0.231388
0.0632893
1.84295
0.472704
0.485009
-0.34968
0.194852
-0.575321
0.913359
-1.06222
-1.42026
-0.640418
-0.202481
1.70789
-2.67928
0.981191
-1.61097
0.975539
0.615605
1.28339
-0.733703
0.179766
0.803925
-0.343276
0.595688
-0.173965
1.72988
1.76486
-0.547287
-1.20023
1.68198
0.347669
-0.405632
-0.178149
-1.41811
-0.48398
-0.697536
-0.247105
0.635403
1.23291
0.527892
-1.1623
-1.57853
-0.0279089
1.60888
-0.925092
-1.90235
1.33903
-0.431206
-0.890001
-0.704626
0.0536944
-0.475737
3.30861
0.523835
0.433867
0.115781
-0.204534
-0.98539
1.10193
-0.20257
1.1599
1.69865
1.68138
-1.18514
1.40055
0.457885
-2.15197
-0.385798
-0.110945
0.0526492
-0.456941
0.23222
0.87028
-1.41615
-0.405544
-0.590448
-0.244508
-0.289275
0.12058
-0.210958
0.737651
1.29498
0.157141
2.02142
-1.15291
0.197878
1.64227
-1.95606
0.147799
-0.449311
-0.34506
-0.0625192
-1.52581
0.0392729
-1.19297
-1.74725
0.0558483
-1.59697
-0.799637
0.243953
-1.26427
-1.01327
1.07285
1.15417
1.41876
0.420477
-1.81771
-0.929809
0.359146
0.644193
1.42899
0.693289
-1.47681
0.690037
-1.50041
0.697836
-1.07432
0.955417
-0.161194
-1.14221
0.545011
0.313206
-0.8036
0.676151
0.00911379
0.210105
-0.971417
1.9988
-0.382339
-0.521951
0.63232
-0.155908
1.02881
-0.180736
1.84812
-0.301518
-0.975694
-0.923834
-0.680649
0.953027
0.584559
0.127858
-0.0372943
-1.49381
-0.877413
-0.0501115
-0.77534
1.09404
1.08585
-2.14023
1.4507
-1.06426
1.82873
-0.773602
0.219617
-0.596819
0.250898
-0.734873
1.4274
-0.289574
1.95337
2.67745
0.539854
0.204415
-0.39445
-0.66216
-0.466715
0.702915
-0.642244
-0.441118
-0.170642
-0.0319229
1.14265
-0.888151
-0.310082
-1.12736
2.0657
0.314463
-1.70085
0.818159
-0.0434323
-0.47391
-1.04615
0.0645498
-1.05984
0.637874
0.681317
0.744603
0.96333
0.666109
-0.148179
-0.785957
-1.21048
0.374891
1.3577
0.714803
0.848852
-0.224515
-1.08432
-0.335256
0.0034863
-1.40371
0.826324
-1.35842
-0.390872
-1.63712
0.601777
0.880233
-1.1254
-0.454046
-0.304929
0.325392
-0.172906
0.502059
0.489595
0.903936
1.09607
0.673662
-0.468032
0.305873
-0.871251
-0.145009
0.70272
0.304537
0.0873247
-0.50719
0.990827
0.323067
-1.02327
0.243378
0.00241354
1.45235
-1.17383
-0.866856
-0.80754
1.37393
0.806866
-1.14911
-0.712584
-0.901488
0.0158242
1.23444
-4.01855
-0.972028
-0.621441
-0.177162
0.590005
-0.82867
1.34786
-1.39059
0.243332
-2.40773
0.712302
-0.00339993
1.37106
-1.57075
-0.787638
-0.0171168
-1.34507
-0.544528
0.727381
-0.0545364
-0.576403
0.098589
-0.534696
1.4761
1.0479
0.932024
-0.229127
2.23822
-0.369899
1.80732
-1.07263
0.315643
0.70931
0.702803
-0.733457
0.6503
0.376315
-0.376804
0.599027
0.572014
0.678346
-1.01625
0.372845
1.14194
0.894168
-0.00616737
0.466134
-0.583774
-0.0239012
0.188069
2.38666
0.681325
0.893846
0.29058
0.434161
-0.9123
0.206445
-0.131445
1.37685
0.0630109
-0.76396
-0.506839
0.0507029
0.449238
0.638312
-1.58259
-0.85492
0.608335
1.33511
0.720443
-0.669435
-1.3119
-0.493253
-0.880266
-2.16539
-0.99555
-0.264167
-0.336048
0.0490377
0.203039
-0.263315
-0.173477
0.627886
0.496483
-1.06165
0.668443
0.831739
0.056071
0.372195
2.23355
0.559391
1.17535
0.708516
0.0425258
0.438526
1.36644
1.96377
0.195165
0.199452
-1.38922
0.275741
0.36054
-0.0895607
-1.43236
-0.237086
0.191622
-0.182559
-0.633401
-0.579771
0.204639
2.8355
0.465903
0.0342307
-0.517646
0.0389181
0.80023
0.572495
1.46875
-0.0795123
1.49109
0.980566
-0.546505
-0.00935331
0.776428
-0.31894
-1.44293
-0.135585
-0.316091
-0.905821
-0.216908
-1.22445
0.363776
1.0345
-0.996984
-0.869526
-1.17877
-0.796316
-0.909517
-1.60439
-2.38043
0.0441347
0.91599
0.508073
-0.302379
1.65182
0.222405
-1.41222
-0.515837
-0.428794
-0.7384
-1.71332
-0.446798
-1.30309
-1.61751
-0.269505
-0.237451
-0.109973
1.45701
-0.352591
0.5905
-0.651904
0.186158
-2.02924
-0.675517
-1.39885
-1.59271
0.361276
0.878504
-0.375399
-0.699235
-0.546813
-0.716473
1.47821
0.777909
-1.83756
1.28776
0.742771
-0.295157
0.173464
0.970392
0.860238
0.790075
1.23773
-1.24453
0.202672
-0.510399
-0.862641
0.796888
-0.376817
0.384143
-1.83092
-0.280317
1.76776
0.29246
0.376919
-0.242242
3.2107
1.11525
-0.821808
0.354979
-0.715287
0.733285
0.592628
-0.0678059
-0.97185
-0.169836
-0.525028
0.709491
-2.38475
0.445891
-0.806166
-0.297249
0.20609
0.679887
-0.300267
0.224282
1.1249
-0.79645
0.42326
-0.342715
-0.0996068
-0.455009
-0.234309
-0.314031
-0.0251728
-0.852238
-0.107818
-0.392119
0.259482
0.852207
0.108575
-0.858669
0.0941153
-0.268883
-0.664203
1.43242
0.457117
0.300709
-0.012993
1.7473
0.402375
-0.473011
-1.00176
0.673808
-0.915481
0.839992
0.159637
-1.4129
0.882962
-1.86059
0.961271
-0.0873583
0.199411
-0.599787
0.0763483
-0.188258
-0.22237
-0.193605
0.0179597
-0.237069
-1.03653
-3.28396
1.16011
0.548327
0.850823
-0.782825
-0.221028
0.272988
-2.10936
-0.204818
-0.556746
0.380158
-1.86943
-0.425928
-1.28696
0.773158
0.687577
1.33185
-0.978708
-0.82855
0.46187
1.02179
0.265567
-1.12439
1.11554
-0.929435
0.558515
1.73632
1.3209
-0.281546
1.61198
-0.50925
-1.1035
1.47361
-1.00058
-1.44959
0.699009
-1.50227
0.0139337
-0.630243
-0.590562
-1.2077
-0.164466
0.672354
-0.678997
-1.08448
0.825016
0.347931
0.441516
0.139871
-0.652351
-1.20768
0.318163
-1.9182
-0.0170663
-1.80027
0.0154036
-0.638836
2.62472
1.21203
1.04381
-0.649618
0.482183
1.20012
0.833012
-0.922694
0.32359
-0.984921
0.341376
0.803995
-1.01698
0.635644
1.38277
1.29476
-0.307223
-0.322266
-0.632469
1.59601
0.349124
-0.35109
-0.320519
-0.428875
0.271755
-1.0362
0.434432
0.240653
-1.42479
-0.205154
1.02413
-1.13163
-0.521201
2.05758
0.134167
2.64245
-0.631927
-1.69782
1.01855
1.2154
-1.88335
0.912456
0.559575
1.32076
-1.64222
0.542809
-0.812382
0.970987
1.57615
2.09126
-2.49415
-1.57826
0.00749295
-1.05418
0.766086
0.39731
-0.436155
0.755792
1.81758
0.0835868
-1.14599
0.494559
-0.058163
-1.0665
-0.0876161
0.541541
1.12432
0.41098
0.427028
0.478671
0.742302
-2.71889
-0.845264
-0.0483746
-0.359172
0.255607
-0.438303
1.87018
1.2256
0.378686
-1.6073
-1.69741
-2.17329
-1.15997
1.3359
0.552238
-0.701515
1.30243
0.560196
0.612531
0.698074
1.42205
0.617052
-0.958464
0.708564
0.201479
0.234191
0.0329964
1.32542
1.12764
0.0753532
0.234404
0.336345
1.08867
-0.722913
0.733273
0.129877
-0.554345
0.737052
0.851448
0.998035
0.134347
-0.711564
0.0261856
0.377636
0.812148
1.15631
-0.45588
-0.00947819
0.847164
-1.43451
0.271683
1.36129
-2.05526
-0.305972
0.122588
-0.630951
-0.999008
-1.03901
-0.255324
0.28456
0.20595
-0.427869
1.40946
-0.161192
-1.16996
-1.08743
1.30393
0.406353
0.436103
-2.49431
0.199545
1.07694
-1.41109
1.41653
0.797991
0.741606
2.47463
0.324482
-0.832226
-1.05512
-0.259989
-3.2349
-1.97232
1.27843
-0.388479
0.154464
-1.22438
0.454677
0.17097
0.583197
1.59575
-0.126592
0.872391
-1.44512
0.267046
0.805547
-0.250228
-0.533509
-0.060134
0.232229
-0.533032
0.0126474
0.269208
-0.0139595
0.634813
0.866028
-1.08948
-0.772003
-0.23616
0.486511
0.726022
-1.92879
-1.0428
0.374456
-0.508628
-2.46138
-1.32645
0.00346757
-1.73972
-0.146895
-0.155446
-1.53061
0.321826
0.356493
-0.00983722
-0.0486826
0.657333
0.315637
-0.16167
-0.092149
-1.55489
0.895386
2.06421
-0.527949
0.958976
0.568126
-0.378153
-0.0362346
1.50893
-1.5216
0.937008
-1.55384
-1.26578
0.500311
0.452316
1.49098
0.600534
2.54904
1.11474
-0.142429
0.762209
-1.3691
-0.402655
0.975343
-1.51053
-0.523249
-2.29362
0.62563
-0.413799
0.439915
-0.123854
-0.488779
-0.494675
-1.23601
0.699775
1.60914
1.62995
-0.464234
0.273661
0.367723
1.16479
0.0605375
0.00262461
0.703357
-0.448887
-0.841237
0.12166
-0.598789
0.730903
-0.607144
-1.00801
-0.225211
-0.755916
0.0115352
-1.09135
0.490835
0.81199
0.570936
0.153694
-0.220096
-0.457813
0.0851144
1.21997
1.57548
-1.17324
1.01551
-0.2469
1.58941
-1.00782
0.457668
-0.508207
-0.23286
0.650165
0.424198
-0.117135
0.816852
1.23941
0.548369
1.03673
-0.779128
0.0715731
-1.10255
0.245853
-0.278495
-0.778044
0.590182
-1.03461
0.901219
-0.502134
0.379884
-0.248494
1.13576
-1.05661
-0.354426
1.36918
0.277207
-0.428946
-0.801506
0.752732
-0.0700572
-0.248114
-0.0163687
0.976223
0.587214
-1.02809
0.427111
-0.698095
2.0556
0.766587
0.213966
-0.819962
-0.154465
-0.334734
0.247366
0.319522
-0.806621
0.188173
-2.08736
-0.393734
-0.441823
0.325827
-1.4293
-0.513747
0.148223
1.56616
-0.859061
0.428742
-0.548068
-1.42324
-0.712425
-1.11675
0.837709
0.210016
-0.73923
0.625301
0.176189
0.221104
-0.580738
-0.832242
1.62748
0.655747
0.697909
-1.0715
-0.966764
1.20476
-0.217441
-0.10029
-1.38001
0.788584
0.112056
0.979928
1.32868
-0.881307
-0.0190746
0.218308
-0.0797542
-0.255291
-0.95419
-1.32589
-0.543502
0.358095
-0.143887
0.965519
2.62452
-1.40586
0.455855
-0.196567
0.874341
0.554255
-1.48843
-0.297151
-1.75869
0.925214
-0.802067
0.239952
0.0611809
-0.392654
0.0353693
0.145023
-1.05365
-0.219735
1.5251
-0.984835
0.789648
0.620776
-0.455023
0.300279
-0.194506
1.60622
-0.109607
-2.67053
1.09086
0.173635
-1.14739
-1.41586
0.604509
0.0562813
-0.0609658
0.0499946
1.88278
-0.28966
-0.470823
-1.20304
0.477289
0.679282
-0.742867
-0.0295513
0.743468
2.0545
0.218463
1.0267
-1.60151
-0.68222
2.43292
-1.9482
-0.083996
1.01979
0.0889196
-0.267257
-0.673005
-0.446696
-1.73402
-1.0646
0.614209
-0.0188775
-1.65047
0.183407
-0.456951
-0.97304
-0.218011
0.0488951
-1.1914
-1.4643
0.589751
0.0901289
-0.218259
0.0891834
-1.54964
-0.699882
-0.840277
-2.15385
0.490522
0.633679
1.12924
0.844001
-0.731961
1.25375
-1.05432
-0.488126
-1.00255
-1.10816
0.692676
-0.273121
-0.310093
1.38969
0.68556
1.28199
1.70915
-0.5025
0.779568
-0.00863353
-0.736769
-0.708213
-0.641842
-0.0545036
-0.171198
1.02623
-0.240314
-0.867347
-1.24995
-0.598698
1.63486
-0.120246
1.24731
0.399925
-0.488603
-0.120387
-0.0701658
0.633173
0.65041
0.459843
0.703643
0.871862
-0.0342567
0.0181898
-0.393098
0.2295
-2.01344
-1.02538
0.904364
-1.937
0.74529
0.609826
0.00385889
0.574656
1.19875
0.0664096
-0.68209
1.41666
0.149125
0.69837
2.40469
-0.385334
0.043816
0.372344
0.4111
-2.42459
-0.363218
-0.82591
1.10504
-0.424288
1.24442
2.3933
-0.0220461
1.20208
-2.11518
-0.691644
0.042631
-2.5042
0.832494
0.245394
0.37918
-0.829452
-2.57888
1.13783
0.823032
-0.326018
-0.78036
1.89692
-0.514777
-1.9747
1.12966
0.285982
0.178823
0.328866
1.11179
2.01868
0.560171
1.5847
-0.112282
0.154275
2.17131
1.32295
-1.05256
-0.997887
1.43243
-0.345303
-0.248936
-0.744884
-0.531534
-1.21376
0.215289
0.777723
0.12995
-1.56201
-0.844521
0.368244
-0.797317
0.982334
-1.10937
-1.8618
-0.45994
0.216834
-1.33779
-0.127438
-1.76213
-0.329575
0.086709
0.92116
0.605498
-1.43404
-0.295721
-0.670005
-0.677784
-1.53753
-2.18173
0.61137
0.77644
1.71703
-1.15447
0.154891
0.749008
-0.999367
1.4305
1.38332
0.0310377
0.531176
0.191851
0.487322
0.451673
-1.17572
-0.381117
0.283991
0.497771
-0.350631
1.07008
3.11905
1.40009
-0.973299
0.0429136
0.283212
2.28056
-0.737408
-0.425372
1.80862
-1.16739
1.71311
-0.435671
-0.637777
-0.169652
0.271391
0.464473
1.00124
-0.156958
0.589134
2.34196
1.36699
-0.359518
-0.977244
-0.315282
0.650796
-0.129608
-0.174645
2.19425
0.661899
0.680516
-0.440536
-0.634239
0.260299
-1.43544
-0.798747
-1.4992
1.56511
-1.31793
0.389984
0.114925
-0.960842
2.32964
-0.339571
-0.27073
-0.99627
0.337408
-2.53349
0.64186
-0.535415
-0.795615
-1.63055
0.777086
0.103571
0.626326
-0.161365
-0.108431
-0.560939
0.489124
1.4107
-0.967059
-0.151111
-0.240705
-1.1261
1.5466
1.09342
-1.04289
1.74242
-0.273876
2.36167
-0.368719
-0.157964
-0.439016
0.185945
-0.475538
0.336612
-0.848393
-1.95631
0.485786
0.0119529
-1.37586
-0.823551
1.0853
0.491379
0.427217
0.0252016
-1.48031
-1.26795
-0.497702
0.797252
0.502312
-0.556115
1.30254
-0.561803
0.885984
0.686249
0.238339
-1.3028
0.401045
-0.241413
-0.548263
2.17461
-1.57823
-2.2357
-0.859074
0.586612
0.651146
-0.496113
0.279417
0.552971
-2.18008
-0.826407
-1.80212
-0.43628
0.177887
1.19702
-0.160626
1.47193
-1.37918
-1.30469
-1.65639
0.985462
2.16828
0.567386
0.0488935
-0.459495
-0.472553
1.77351
0.471931
-0.673528
0.568185
0.00380581
1.37879
-1.77567
0.598
-1.74141
-0.522831
-1.03191
-0.0729648
1.25847
0.956619
-0.611103
-0.0319838
0.623656
0.436617
-0.15896
0.994942
-0.329955
0.472538
-0.923654
-0.356474
0.0266612
-0.244328
-0.122316
-0.13723
-0.801122
-0.636989
-0.00456894
0.486197
0.559593
-2.09021
-0.196437
0.0954718
-0.788354
-0.625133
-0.848175
1.27442
-0.355163
0.271973
-0.406233
-1.17459
0.151463
0.566233
-0.685553
-0.811076
0.536142
-2.27069
0.198948
-0.348219
-1.4398
0.792038
0.52431
0.313768
-0.444163
-2.58146
-0.0857994
-0.963296
-0.66901
-0.438033
-0.160308
-0.39571
0.101674
2.06434
-0.911082
-0.744878
-2.30779
-1.50722
-1.21436
1.03244
1.79434
-0.284893
1.78232
0.351003
0.910083
0.339922
-1.79571
-0.564012
-0.799137
-0.56742
-0.39602
-1.48465
-0.471752
-0.608229
-2.18116
-0.384791
2.66036
-0.625224
-0.350507
0.695027
0.833925
1.12498
-0.483325
1.78525
-0.299671
1.53094
-0.262414
-0.812437
-0.835062
-0.537801
1.23188
-1.81574
0.468025
1.0441
0.940197
-0.00609366
-1.32521
-1.52824
1.18068
-0.269774
-0.862399
0.105208
-0.92365
1.33196
1.79272
-0.100055
-1.39382
0.157606
-0.899464
0.815588
-1.02882
0.699814
0.513332
0.222311
-0.140665
-0.342282
0.070755
-1.12656
1.39297
-1.29323
-1.57929
-0.425305
0.942181
-1.31318
-0.316741
-0.556268
-1.6698
1.73421
-1.18246
0.472078
0.58836
-1.48788
0.274875
1.84627
-1.42758
0.569849
-1.78048
-0.770306
-1.91372
-2.27883
-0.93072
-0.0822965
2.53487
0.832708
0.0752021
-1.30259
-0.962769
-0.285982
-1.25042
0.175051
-1.74171
-0.393554
-0.142951
-1.29768
-2.12243
1.14489
-2.0903
1.58081
-0.259183
0.356945
1.55856
1.58056
0.0658698
-1.32334
-1.94756
-0.539823
-0.132085
-1.62503
-0.885791
-1.12141
-0.629148
1.41425
0.235688
-0.443763
-1.54896
-0.759609
-0.00834811
-1.11264
-1.33873
0.405858
-0.58558
2.37716
-0.788732
-1.78016
-0.558746
-0.603448
0.761486
-0.106391
-1.07276
0.54438
-0.453146
-0.0915398
-0.325339
1.19689
-0.602121
0.607558
-1.83269
-0.951288
-0.118612
-0.567644
2.67379
2.1358
-0.682232
-0.988763
-0.13715
-1.07836
0.657162
0.445099
-0.601274
1.31777
-1.34302
0.186673
0.395081
2.0037
-0.307861
-0.278932
-0.0385968
0.824199
1.37952
0.866774
-0.985223
0.86514
-0.129958
1.67521
-1.09706
-1.66625
1.80985
2.23514
-0.293321
-0.747029
-0.868876
0.488369
-0.897565
0.130165
-0.0723528
-0.121313
1.23831
0.215929
0.233481
1.5943
0.772742
0.344541
-1.39849
-0.995036
-0.560002
-1.29229
-0.556867
1.39398
0.776256
-0.0354642
-0.487231
0.518319
1.34143
0.897255
0.449316
0.242954
-0.770518
-0.279502
0.363813
-1.16546
-0.0502111
1.06717
-0.76993
1.04604
-0.23184
0.699125
0.448375
0.782433
0.786568
-0.511829
-0.919359
-0.719426
0.861351
-0.658879
2.12764
0.262092
-0.121129
1.58006
1.62112
1.15599
-0.0436242
-0.87591
-0.676441
0.398858
-0.576035
0.972434
-0.135367
0.087491
-1.13615
-0.0536745
0.0145336
-1.90407
1.94401
-0.916134
0.531782
1.10783
2.11238
0.0681858
-0.484549
-0.205492
-0.756861
0.0381452
0.445067
-0.413327
-0.480486
-0.299786
1.12972
-0.120844
0.205195
-0.974637
-0.0979068
1.62342
0.896085
-0.152988
-0.889458
0.12848
1.73703
-1.12364
-0.77848
-0.00155242
-0.62398
1.62007
-0.442203
1.76601
-0.977114
-1.72623
0.558477
-0.184894
-0.600665
-1.15935
0.836259
-0.224823
-1.40887
-0.647744
-0.310164
-0.861441
-1.0377
-0.474615
0.90218
1.36615
-0.706755
-1.33518
0.163037
0.74755
-0.880506
0.0836366
0.443088
-0.074885
-0.197119
-0.663295
0.29219
0.43167
-0.567094
-0.191321
-1.00984
-0.0973743
-0.702529
-0.0315862
2.1539
-0.265949
-0.123705
0.87374
-0.296547
-0.495849
-0.421611
1.39416
-0.998692
-0.988212
0.317964
-0.188814
-0.316526
-1.02827
-0.428715
-0.580012
0.229948
-0.0753928
1.26412
0.105009
0.240214
-0.924201
-0.102417
1.19924
0.160374
0.0614481
0.294994
-0.808787
1.00521
0.189681
-0.189206
-0.264918
0.100122
0.331504
0.657751
-1.24107
2.13344
-3.00683
-0.462266
0.393825
1.1594
1.71154
-1.08257
-1.55892
-0.52312
0.729214
0.542653
-0.140172
-0.287213
1.43415
-0.406671
0.834312
-0.629977
-0.151305
2.29477
-1.17173
0.309909
0.725032
0.525774
-0.79635
2.50094
0.0840449
0.205266
-0.27666
1.21597
0.123448
-0.272285
-1.6807
-0.534685
-1.16651
-0.358707
0.0371648
-1.37413
-1.33126
2.07024
0.65157
0.0249392
1.53333
0.831657
0.938212
-0.785207
-0.705269
-0.114689
1.02982
-0.614403
-0.811789
-0.164576
-0.314482
-1.00953
-0.295149
0.105075
-1.61488
0.186572
0.578219
-3.36204
0.566881
1.94659
0.887648
0.960175
-0.374202
-0.594645
1.26643
0.500284
0.426036
-0.0791603
-0.419608
0.048219
-0.231899
0.0894871
1.4305
-0.0495625
-1.13764
-0.759532
-0.101232
-1.22885
1.01236
-0.0404332
0.271435
-0.00797247
-1.06356
-0.89085
-0.515021
0.604737
-0.74971
1.5321
0.737118
0.308595
0.574849
0.0602931
-2.2913
0.0046266
-0.863465
-0.66148
-0.331131
0.23151
-0.291928
-1.70421
-0.0466296
0.966906
-1.4844
0.699181
0.693405
-1.33654
-0.138567
1.64824
1.72371
2.13772
0.798151
-1.64875
-0.0962196
-0.119566
-0.303652
-0.423202
0.546262
0.202799
-0.208605
0.197618
1.66578
-0.644909
1.50027
0.622763
-0.394541
-0.214854
0.610761
0.545571
-0.256127
-1.88607
-0.216862
-0.60266
-0.305779
-0.236935
0.581401
-0.185252
2.76742
0.0973612
1.87146
-1.03753
0.46656
-1.07244
-0.0127223
1.27981
-1.14464
-1.25366
0.142456
0.370427
2.19498
-2.56633
-0.828574
1.27458
0.882461
1.22811
1.08806
-0.421261
0.529473
1.18934
0.0946439
-2.4808
0.81989
0.0109936
0.11929
0.166747
-0.225489
1.65769
-0.311177
0.687487
-0.766156
-0.715345
1.01306
0.468845
0.907305
0.570012
-0.229362
-0.696386
0.447158
-0.192217
1.60628
-0.616542
0.142483
-0.247048
-0.151403
-1.68682
-0.484115
0.649641
-0.397268
-1.35979
1.86895
-0.518503
1.58783
0.380617
-1.09487
-0.34837
0.287535
0.594584
0.198944
0.00624002
-0.458154
-1.56993
1.17287
1.81862
-0.288374
1.17793
0.305695
-1.30014
-3.2449
-0.381386
0.00412134
0.94859
-1.37385
-0.316392
-1.72434
-1.73736
-1.30159
0.323107
-0.750926
-1.42228
-0.797461
-1.77615
0.0610442
1.5212
0.259747
0.084547
0.0323489
0.597446
1.34041
0.34038
2.03493
0.685992
1.58863
-0.200781
0.0532963
0.290003
0.742013
-0.0264007
-0.628361
-1.16029
1.22351
-0.907804
0.4236
0.238541
-0.460716
0.804129
0.930917
1.29114
-0.336416
-0.432765
0.66038
-0.868053
0.341792
-0.640337
0.40725
-0.224447
-0.106072
0.42438
-1.81442
0.0405741
-0.876388
0.620092
1.36978
-2.11124
0.71543
-1.95608
-0.46209
0.369083
-0.109325
-0.427732
-1.39471
0.173339
-0.753683
-0.0440996
1.14724
0.741501
0.881143
-0.579513
-0.458373
-0.049659
-1.29196
-0.811908
-1.82487
0.31272
1.37211
1.97005
-0.0735474
0.457899
-1.7905
0.0111836
1.8353
0.321256
-0.771585
1.22511
0.48248
0.501262
-0.691764
-1.124
-0.792305
0.242786
-0.500456
1.53999
0.0906078
0.426475
-1.38398
0.688665
0.929614
1.04501
0.64263
0.96315
0.135134
1.51309
0.379126
-0.267683
0.0933324
-1.85337
-1.04911
0.645981
-0.672183
-0.514414
-0.34968
1.46671
0.467458
-1.67737
-0.474597
0.699121
-0.245833
-0.226169
0.437273
0.0587782
-0.0710289
-0.000687799
1.24875
-1.00042
-0.427453
-0.0553273
0.620578
0.829943
0.493847
-0.204822
1.38995
0.0973276
-0.384208
1.68398
-1.67457
-1.6988
1.4403
0.255495
1.51697
-0.1048
0.725254
-0.816555
-0.355633
-1.31197
-0.869153
-0.401068
-1.26033
-0.303355
-0.692633
-0.32777
0.779513
1.16462
0.231141
0.0786801
-0.49588
-0.900644
-0.0127588
1.88107
0.607735
0.295083
-0.250568
1.39933
0.068197
0.885139
-0.750392
0.807667
-1.00084
0.879124
-0.126916
-0.44394
-1.38422
0.427921
-1.34454
-0.148449
-1.16841
0.0424577
-0.589807
-1.0205
-1.56262
-1.14329
-0.410002
1.18609
0.0467557
-0.239375
0.0956843
0.476941
-0.500506
0.738174
-1.14289
-0.691528
1.62298
-1.80078
-0.370214
0.264234
0.349504
-0.311669
-0.712823
1.19684
-0.243781
1.84811
1.43515
-0.584376
-1.10128
0.856919
-0.339665
0.804888
-0.949554
0.939986
1.52313
0.449141
-0.126302
-0.103424
0.546851
-1.3314
1.64592
-0.390386
0.270862
0.305204
1.17376
-1.5664
0.714671
-0.0856106
-1.0789
-0.394719
0.407875
-0.0274637
-0.627874
0.975657
1.85382
-0.388369
0.510014
1.61647
0.338929
-0.494026
-1.28721
-2.06671
-1.36911
-1.35571
1.49514
1.19018
-0.200982
0.649701
1.32098
0.135653
1.36261
0.197138
-0.969336
-0.567054
0.141078
-0.232403
-0.0493621
0.417516
1.14756
0.41882
-0.816
-0.598643
-0.881894
0.274691
-1.16025
-0.955859
0.519348
0.283057
-0.319819
-0.696522
-0.369451
-0.88222
-0.642894
-1.08393
-0.809122
0.224414
-0.688679
0.202086
0.215901
0.316136
-0.968625
-0.882927
0.67143
1.24824
-0.94385
-3.12346
-0.0102441
-0.130004
-0.773812
0.841674
-1.49432
-1.48271
1.25356
0.266367
-0.374583
0.603375
0.748509
-0.384079
0.378561
-0.740658
0.983961
0.521498
-0.327413
-1.69577
-0.806977
1.51035
0.324636
0.868225
-0.0173448
0.528544
-0.504864
0.187273
-0.892288
-2.39703
1.85908
0.702134
-0.896397
-0.54982
1.82115
-0.78161
3.51207
-1.26742
-1.03091
-0.349449
-0.615963
1.23245
-0.470484
0.34961
-1.13162
-0.866219
-0.372841
0.0157051
2.19869
0.511106
-0.988642
0.433003
0.723397
0.00393841
0.104561
0.387589
0.0781755
-0.0870428
-1.69291
1.46694
-0.454118
-0.845219
1.40368
0.483651
0.585512
0.318589
-0.0257983
-1.89954
-0.947006
-0.151483
-0.774754
-0.290705
-0.193985
-0.835243
1.68761
0.755482
1.27366
2.09283
-0.0257075
1.25418
1.59713
-1.23474
0.587055
0.132946
-0.298332
-1.20857
0.544431
-0.150961
1.10769
1.25901
-1.53645
-0.730855
-0.7578
-0.565008
-0.442979
0.404327
0.729938
0.0588697
-0.0665775
-0.445214
0.725142
1.36003
0.551934
0.136462
0.457722
-0.655159
-0.868484
-1.25043
0.155539
0.73166
-0.342716
-0.738466
-0.247914
1.17967
-1.38989
0.0305272
0.579434
0.358132
-0.439309
-1.22275
-0.0542397
0.676679
-0.0781285
-2.32417
1.05186
-0.129742
0.509438
-0.703618
-1.70662
-0.423827
1.46932
-0.74497
-2.07304
0.82295
-1.31166
0.857995
-0.444351
0.876945
0.0911069
1.10471
1.4466
-1.44347
0.871554
-1.22039
0.0950258
0.0419659
0.613006
0.343522
0.7292
-1.03392
-0.383319
-0.0844512
1.37552
-0.978308
-0.235279
0.666173
0.91601
-0.0596832
0.242131
-0.539595
-0.646338
1.13396
0.0902816
1.28673
-0.5059
1.76497
0.0774389
-0.0495877
-0.516904
0.234313
0.837846
0.0011418
1.60956
-0.348838
0.845773
1.25014
1.82293
-0.859817
0.602973
-1.46523
0.397035
0.370988
-0.100934
0.481892
0.636817
-1.10574
1.38482
0.0794208
0.166716
0.900634
1.44442
0.600403
0.600759
0.453778
-0.297855
0.51759
0.520573
-0.777078
-0.625055
-0.712702
0.881425
-0.968909
-1.13825
0.318313
-0.0828003
0.866382
0.868875
1.00527
0.360332
-1.85177
0.287847
0.46081
0.680735
-1.41088
0.187038
-0.111083
1.498
0.791538
-1.17561
0.187306
-0.87704
-0.473614
-1.08318
0.563086
-0.620365
-0.0748988
0.771097
0.530149
-0.283439
-0.47006
0.0480809
1.66354
-0.0534916
-0.663458
0.943789
0.136048
1.94644
-0.65753
-0.129799
-1.16078
-0.371187
1.00172
-1.16824
1.5196
0.872719
-0.59824
-0.332876
-0.643215
-1.53453
0.276478
0.309438
-0.342886
-0.0851281
0.579558
-0.585203
-1.11616
-1.40004
-1.0588
-0.124655
0.103454
-0.748418
-0.446412
-0.0622822
1.50973
-0.412421
0.715458
0.220561
-0.258318
-0.0643641
-1.31978
0.726354
0.135107
-0.741347
-0.931438
1.08834
0.0183772
0.166026
0.402062
1.0436
-1.73385
0.258812
-1.45149
2.49613
-0.0617367
-0.512646
0.244912
-0.396322
-0.0519856
-0.329337
-0.231519
0.0500068
-0.487935
-1.54586
-2.05056
-1.11864
-1.08944
0.329422
-0.678823
-1.95474
0.2064
0.590874
-0.201532
0.952569
-0.869055
1.15604
0.348934
-0.47058
-0.756271
0.184137
-0.141383
0.420784
-1.93481
-0.507795
-0.741266
-0.822475
0.113049
0.516648
1.58851
0.165735
-0.623316
0.348173
-0.00609451
1.96135
1.59956
0.713882
1.35768
-2.35345
-0.665241
1.78338
-0.777934
0.993304
-0.334086
0.807426
0.126843
1.16051
-0.238609
-0.0160527
1.93604
-0.0719912
0.539077
0.405895
-1.31373
-0.458635
0.0644556
0.0235127
1.29546
0.24359
1.63198
-0.981978
1.44558
0.507858
0.382079
1.37041
-0.233016
-1.05243
-2.84786
1.46665
1.36629
0.864654
-0.771679
-0.257149
-1.05169
-0.89339
0.358931
1.18359
-1.34214
0.424806
-0.472682
-0.788044
0.552813
1.04321
-0.578106
0.0430314
0.288727
0.352755
-2.22984
0.329739
0.883663
-0.0589598
0.896966
0.50129
-1.40927
2.59002
-0.364426
-0.0840086
-1.62472
1.60643
0.0759764
-0.917219
1.13259
0.0457675
-0.337085
0.0885397
-0.0760629
0.0120042
0.162867
-0.570867
-0.284027
-0.872696
-0.816988
0.701293
0.156
-0.722559
0.396353
1.61456
0.0770683
0.61538
1.14723
-0.704887
-0.413342
0.892508
-0.182752
1.23817
0.449765
0.282272
-1.26364
-1.30923
0.0139778
-1.20251
-0.0243447
0.17478
-1.63795
-0.363227
0.917922
0.0379916
-0.9604
-1.72636
-0.425995
-1.58443
0.886523
-0.00527249
-0.305863
-0.796481
-0.090926
-0.0225292
0.841338
-0.766999
-1.17879
-0.497225
-0.766763
-2.05853
1.32946
-0.261531
-0.136678
-0.726162
1.66255
-1.29136
0.695916
-2.88999
0.951284
1.18418
1.94228
0.620516
1.10546
-0.455623
1.4203
-0.12755
-0.473622
1.06693
0.590951
0.0947013
0.636209
0.432817
0.177363
1.64987
-0.913143
1.03571
0.0857159
-2.16119
-2.22983
0.79541
0.689303
0.24989
0.119017
0.386745
-0.71614
0.121908
-1.24561
-1.49779
1.28254
1.23765
1.58086
-0.0871098
-0.191556
-0.766461
0.604387
-0.193331
1.57851
-1.67626
-3.18943
1.13365
0.217724
0.0585093
-1.17067
0.0305372
2.51693
0.680861
0.488978
-1.21677
0.0674131
-0.443123
0.247555
1.23983
-1.24505
0.388719
0.133294
-1.70173
0.607369
0.205083
-0.201332
0.0363848
0.725666
-0.281336
1.84143
0.753349
0.0675803
-1.51906
-0.810062
1.4239
-0.367461
0.255198
-0.0478861
-0.653386
-0.0397419
0.554441
1.17543
0.344454
1.00834
-0.5113
-0.394623
-0.9863
-1.10888
1.74163
1.49262
-0.80286
-0.0412196
1.01576
0.330173
-0.00547667
-1.91506
-0.645289
-0.421637
2.29213
-1.29137
0.211542
-0.764136
-0.264721
1.60744
0.271568
-1.11183
-1.30631
-0.240656
2.25087
0.950006
0.62835
-0.586141
-0.267798
-1.41228
0.45768
-0.30106
-0.128462
-1.04767
2.11356
0.142695
0.116009
-0.62991
0.321276
0.708948
0.353955
0.365574
0.228902
-1.06987
0.576766
-1.10624
-0.0290057
0.928723
0.28177
0.519127
1.04472
-0.424938
-0.78711
-0.625328
1.89284
0.303344
-1.45966
0.9232
0.545852
0.383597
-0.0911221
1.07301
-0.380422
0.337002
-1.435
-0.290205
-0.197481
-1.43271
1.95684
0.34214
-1.05684
-1.83322
2.17168
0.568413
-0.97039
-0.444189
0.372581
-0.667002
1.85592
0.433913
-0.701094
-0.610447
0.673226
-1.74253
-0.667517
-0.481945
0.476872
-0.262803
-1.6443
-0.89849
-0.985497
-0.730127
1.69469
-0.434746
1.04103
-0.312624
1.4021
-1.40969
1.0441
1.44682
-1.6233
2.00475
0.815351
-1.08551
-0.976001
1.36108
-1.45271
-0.67737
2.38297
1.28752
-0.64923
-0.113266
-0.800205
0.923664
0.497457
0.258862
0.277453
-0.130317
0.241053
1.34192
1.93458
0.0308659
-0.286984
0.6896
1.21474
1.34661
-0.28578
1.26378
-0.914852
0.775093
1.58727
-0.627006
-0.0721917
-1.44027
-0.281475
0.392706
1.13889
0.782653
1.61478
-0.233608
-0.875091
2.33564
-0.745196
-0.188047
0.546378
0.0184231
-0.157245
-0.567338
-1.81289
0.49494
0.740365
-1.31948
0.404188
-0.333243
-0.433055
1.11801
-1.04902
-0.102211
0.663012
-2.62412
0.387747
-0.429409
0.498434
-1.31363
1.51537
0.374647
-0.0501313
1.18873
0.411377
0.871867
1.18646
-0.23685
-1.14792
2.38454
-0.276871
-1.21009
0.400345
2.10171
-1.97502
-0.342196
-0.348069
0.22882
2.26341
-0.468562
0.548274
-0.745138
-0.113246
-0.476002
-0.294852
0.443492
1.00469
0.521129
-0.32553
-0.757338
1.13665
1.97844
-0.749582
-0.803439
-0.727638
-0.50382
2.55904
0.452219
0.54153
0.256438
0.596818
0.557724
0.635266
-0.201377
0.189046
-0.76429
0.592921
-0.914467
1.00695
1.07996
-0.858491
1.74296
-0.573439
0.508333
-0.866009
-0.0498628
-1.59695
0.854734
0.25274
1.39633
-0.306484
-1.88739
-0.841053
1.06511
-0.984629
0.267827
0.863082
0.990548
-0.189609
0.719195
-1.5808
-2.4309
0.293105
-0.235209
-0.879296
0.780765
0.52572
-0.107869
0.680507
0.15756
-1.35621
0.954064
0.449512
1.50359
1.05904
-0.587366
-1.55389
-1.85259
0.67082
0.720666
1.11144
-0.857325
0.779755
0.225871
0.410736
0.3348
-1.59629
0.69519
-0.530276
0.252114
-0.0911113
1.18551
0.118924
-2.63345
0.605562
0.173826
0.173703
-0.58172
-0.426486
0.13104
1.11549
1.31985
0.169356
1.18165
0.532968
0.822475
-0.636362
2.18931
0.145099
-0.753506
-0.348856
-0.943384
0.976221
0.270064
1.61522
0.291152
1.35238
-0.117904
0.983747
1.19765
0.0699452
1.20279
-2.05552
0.278336
0.143047
-1.27513
1.36505
0.861843
-0.0735618
-0.573035
-0.630781
0.766729
0.125621
-1.06477
-0.0176527
-1.25144
0.115146
0.0158997
-0.436916
1.00743
0.851744
0.413337
0.401636
0.388562
0.569391
-0.469396
0.2018
1.37192
-0.267519
0.352703
-0.783853
0.647623
-0.160887
1.50787
-0.7472
0.714594
-1.22703
-0.899034
0.853679
-1.05042
0.523728
0.0217195
-1.33057
1.8885
-0.0822411
0.567546
-0.218422
0.0531577
0.692599
0.7706
-0.937748
0.820898
-1.0912
-0.158929
1.95965
0.175027
0.537648
0.0189441
-0.126887
0.218766
-1.85288
-0.0108827
0.194322
-0.256673
-0.4657
0.240167
0.591918
0.611663
1.65962
0.353895
-0.925963
-0.736666
-1.72419
-1.67516
1.83963
0.555588
1.38436
-1.49796
1.80298
0.181362
-0.717047
-2.05374
1.1707
-0.664542
0.0948228
0.0665036
-0.161718
0.181366
-0.353388
0.359429
-0.104124
2.14572
0.0641818
0.394659
0.225392
0.535646
0.480494
2.84026
-0.309059
1.05785
-0.937886
-0.973152
0.772685
1.35151
1.38288
0.933959
-0.277383
-0.904785
0.998602
-1.34408
-0.361223
-0.648038
0.0791286
0.0709768
1.70566
0.944181
0.860014
-0.695746
-1.31174
-1.85687
-0.820775
0.0370455
-0.304111
1.27223
0.520528
0.361096
-0.451825
-0.0956199
1.55972
1.09016
-0.0393075
-0.510656
0.750053
-0.173108
0.168659
-0.820056
-1.49897
-0.40056
0.1503
-0.474978
0.421258
-1.63214
-1.21854
-0.20668
1.23083
0.889097
-0.0492039
1.61506
-0.979426
-0.685483
-1.81961
0.391782
0.594732
-1.41121
-1.04173
1.6186
-1.34796
0.2816
-0.186872
0.659839
-1.09913
0.103498
-1.88419
-0.288812
0.0878795
0.692728
-1.18098
0.289736
0.170954
-0.060329
1.01157
-0.263806
-0.69355
0.0747771
0.0697355
-1.55468
-1.54891
0.743708
1.44405
1.842
0.152937
-1.24738
0.193983
-0.270961
0.505584
0.342477
0.61896
-0.67369
-1.11282
-0.304483
1.42407
0.513294
2.72732
-0.931546
1.54265
2.29885
0.9455
0.389646
-0.899478
1.03718
-0.34069
-0.099463
-0.480065
1.03821
-1.14799
-0.574029
-0.092392
1.01325
1.57347
1.06184
-1.83513
-0.138283
0.0978336
0.904546
-0.31816
-2.06397
-0.186735
-0.7318
-0.186796
-0.971043
0.256459
-0.948711
-0.119549
-0.00711204
0.508146
-0.179331
0.287674
-0.731249
0.881881
-0.337966
1.62178
-0.361614
-0.714744
-0.537406
0.13257
-0.712655
-1.28226
0.793788
1.37467
-0.928907
-0.776786
-1.4011
-0.807966
-0.808407
-0.337062
-0.539641
-0.896718
-0.165112
0.372984
1.23247
0.745218
0.839196
-1.38504
-1.54713
0.662239
0.978274
0.0247905
-1.02278
-0.365369
-1.30031
-0.541785
-0.631501
-0.222577
0.539164
0.971712
0.0645139
1.57617
0.406906
1.21115
-1.38005
0.407276
1.39849
-1.94192
-1.89889
-1.29597
0.96583
-1.78634
-0.784662
-2.37521
-0.00854514
1.20018
0.0797249
-1.32881
-1.13458
0.432118
-1.04134
-0.311565
-0.610304
-0.321231
-1.40164
-0.896861
-0.404505
0.468844
0.552212
-0.338725
0.766469
1.36903
-1.13309
-1.09389
-1.12898
-1.01355
-0.863679
-0.749516
0.903522
0.420174
-0.310849
0.739866
-0.23683
-0.361481
-1.15621
0.417095
-0.411424
1.62076
-0.348705
1.15301
-1.03179
1.36903
0.0203501
-0.355016
0.218712
-0.809808
-0.163747
-0.378063
1.02929
0.762558
0.092067
-1.28344
-1.8869
0.813358
-0.192749
1.19043
-1.42361
0.27766
0.501032
-0.583079
2.00435
-0.87772
0.375057
-0.420755
0.897612
-1.35492
-1.50939
0.0788961
0.178585
0.411401
0.676503
-0.584707
1.39604
-0.506247
-0.934281
0.707829
0.184784
0.455662
0.561232
0.335563
-0.372973
-0.911538
0.625473
-1.14084
-1.44913
0.504021
0.733566
-0.336018
1.83421
1.16507
0.81527
-0.80098
-0.444794
-0.794059
2.42924
0.275419
-1.32751
-0.0699366
-0.367627
1.38576
-0.396153
-0.560798
0.132027
1.69914
-0.148258
-1.7936
0.0990609
0.14137
0.0228945
0.654362
1.54659
-0.386253
-0.346484
-0.163809
0.188062
0.668799
0.216253
1.80923
0.67355
0.409372
-1.17101
-0.396717
-1.38492
1.51541
1.08368
-0.281919
1.0995
-0.60826
-1.12227
0.306195
-1.68587
0.623556
0.38018
1.44098
0.016206
-1.43195
0.307439
-0.118175
1.01809
0.316855
1.14711
-0.0398036
-0.546185
-0.142203
0.634667
0.51809
-1.58025
0.68335
-0.640204
-2.30775
1.07867
0.0714647
-1.3277
-0.801488
-1.32482
0.494699
0.809194
-1.77735
-0.462376
0.0711368
-2.29104
-0.0866654
0.18857
-0.859012
-1.27169
-1.59774
0.485168
-0.0815171
-1.21365
1.69136
-1.09448
1.35386
-0.309365
0.809984
2.5267
1.10559
1.50745
0.233491
-0.0921526
1.22672
-0.060786
1.54981
-1.05004
0.644155
-0.595797
0.239276
-0.357236
0.809294
-1.72725
-0.835496
0.411397
-0.265348
-0.779497
-0.656216
-0.854368
-0.462149
-1.299
-0.824272
-1.10615
0.754984
0.188194
0.184018
-0.453504
0.244999
0.352585
-0.621003
-0.00660553
0.93605
-1.05796
1.21127
0.416833
0.945263
1.07923
-0.58968
1.52114
0.00326669
-0.284593
2.17529
-0.804919
0.409388
0.357428
0.890333
0.0462588
-0.268407
-1.57691
0.646429
0.102423
0.205476
0.166709
0.860561
0.84186
1.01808
0.332401
0.436686
0.402835
-0.181374
0.549582
0.204288
-1.03371
-0.773034
-0.0805054
0.872772
-0.851815
0.0152728
1.08778
-0.424596
-0.869681
-0.519547
-1.02457
-2.34115
0.683892
0.772242
-0.34644
0.661955
-0.236166
0.272888
-1.83582
0.33127
1.8242
0.655307
-1.19129
-0.665301
1.96005
0.510179
0.81939
-1.14934
1.10838
1.48101
-2.00445
-2.45221
-0.312261
-0.187266
-0.416769
0.116257
0.389568
-0.896992
0.560965
-2.15723
-0.0541045
1.05825
0.117642
-0.135551
-1.72303
1.33723
-0.569254
-0.376584
0.574283
1.362
-0.853336
-1.27437
-0.603493
1.50329
0.558147
-0.0918515
-0.828031
-1.59223
-2.95278
1.99831
0.302088
-1.24713
1.39195
1.1468
-0.623303
0.0916235
-0.771114
-0.289204
-1.07755
0.543956
-0.446483
-0.115329
0.523118
0.0665439
0.441447
-0.0862322
-1.97429
0.147859
0.079713
-1.37349
0.349864
-0.0915407
1.18467
-0.726396
-0.440103
0.213163
-0.668896
-0.711127
-0.4354
0.322516
0.613461
0.561214
-0.126288
-0.356446
-0.80215
0.25285
0.686664
-0.653204
-1.18779
0.618091
0.856599
0.71424
0.606737
-0.750826
-1.08062
-1.21738
-1.43679
-0.218161
0.407979
-0.245136
-0.578771
0.0859484
-0.000441517
-0.449673
0.82975
1.20655
-0.449215
-0.24874
-0.656763
-0.966879
0.453677
0.687283
1.44825
0.775217
0.876384
1.84746
1.31268
-0.946683
0.457693
-0.203395
-0.750859
-0.320082
-0.109849
-1.187
-0.412127
-0.370926
0.457141
0.283928
0.771242
-0.258036
-2.32032
0.556197
0.274908
-0.937325
-1.40346
0.537223
-0.442078
-0.29143
0.357329
0.789144
-0.458594
-0.713382
0.42757
0.656512
-1.67142
-0.533689
-0.389954
0.6288
1.23218
0.295973
-0.201379
-0.318293
1.22985
2.09112
1.09899
-2.17366
1.04133
0.874568
0.463811
2.36
-0.642973
-0.158847
-0.379385
0.895688
0.167842
-1.00117
-0.805227
0.195388
-0.444825
0.699917
1.42836
-0.00208889
-0.630949
1.71978
-1.39198
0.818064
0.449864
-0.537074
1.32453
-0.249488
-0.654307
-0.464447
0.93883
0.59888
2.06167
-0.760167
0.215138
0.249134
-2.37736
0.787064
-1.27242
-0.210666
0.323433
-0.465284
-1.13127
1.80824
0.499101
-1.05669
-1.23731
-0.918113
-0.0288505
-0.144028
-0.46135
-0.833277
-1.20023
-0.495369
-0.577791
-0.684202
-0.307759
0.506584
-0.892287
0.942062
1.15512
-0.656383
-0.262155
-0.325853
0.413208
-0.879036
0.768804
-1.29918
1.22994
-0.0739193
0.745702
0.281879
-0.914428
-1.58491
-1.59937
-0.140251
-1.32227
2.48418
0.469679
-1.18822
-0.307493
-0.426941
-0.67429
0.770247
-0.748281
-0.747098
-1.73237
-0.0187145
-0.4576
-0.193515
1.48565
-1.44738
-0.70851
-0.155959
-0.258302
-0.397544
-0.654868
0.378328
-0.893784
0.0124728
-2.03405
0.732631
-1.6278
-0.529162
-0.429025
-1.5577
1.31915
-0.939591
-1.49248
0.181373
0.277577
-0.447241
0.504897
-1.05276
1.17652
-1.39155
1.71188
0.115188
-0.3607
0.519178
-1.30399
0.177703
-1.6639
2.40534
0.782379
0.279402
1.30975
-1.13388
1.14849
1.51449
-0.379805
1.73675
-0.703231
-0.347913
0.915422
0.335274
-0.902366
-1.12771
1.34739
-0.693373
-1.38795
-1.0956
-1.82834
0.0132498
-0.954329
1.19894
-0.995853
-0.0899216
0.048881
1.09233
-0.560056
0.32353
-0.183405
-1.01711
0.183582
0.765145
0.806955
-2.06921
-0.698678
-1.94362
-0.0452952
-0.358332
-0.727884
0.171748
0.130003
0.936306
0.685526
0.427686
-0.232626
-0.86964
-0.110416
-0.0828948
0.260899
0.746153
-0.268987
1.05767
0.263152
-0.605344
1.17283
-0.00593452
-1.27241
-0.284059
1.18465
1.00997
-1.00222
-0.491827
0.408247
-0.253241
0.206516
-0.446406
-0.68353
-1.72683
0.399972
0.0773763
-0.67233
2.29455
0.828146
-0.0576631
-0.421662
-0.497284
-1.73017
0.177367
1.17589
-1.76955
0.41792
0.0383723
0.359627
1.44433
1.29557
0.531927
-0.113616
-0.791055
-1.5118
0.898979
1.24831
-0.247359
-1.12056
1.36969
-1.04164
1.92597
1.27352
0.466677
0.234471
-1.02515
-1.42507
-0.855612
-0.744577
-1.26113
-0.327166
0.160097
-0.0237883
0.684897
0.46654
0.587157
-0.460224
-1.09882
-0.668531
-0.558542
-0.588861
1.00991
0.412433
0.513033
-1.3758
0.0988649
-0.158431
0.219778
-0.324744
1.34877
0.397973
2.05501
0.940995
-0.750428
-0.538341
0.81084
0.560319
1.4951
0.691166
1.7153
0.747781
0.304522
-1.68382
-1.71551
-0.68283
0.162858
-0.629248
0.431664
0.661109
1.50513
-0.263354
-0.0408608
-0.763116
-0.441126
1.01127
0.876706
-0.275689
2.53518
-2.78464
0.51787
0.312253
0.919982
1.0392
0.280332
0.829187
-1.63068
0.977192
1.07682
0.0372807
1.92684
1.30989
0.108267
-0.765932
-0.347577
-0.214713
0.141548
0.154288
0.0156649
1.92986
0.482642
-1.11983
1.11017
-1.09588
0.680231
-0.538193
0.213676
-0.958998
1.58042
0.505497
1.3259
-0.318942
-0.599283
-0.295272
0.334761
-0.434831
0.733018
-0.731909
0.355324
-0.895956
-0.258275
1.87534
-0.187923
1.46996
0.664749
0.684357
-0.975276
0.141239
-0.071531
1.8948
-0.308186
0.150785
0.315033
-0.750459
1.43523
0.868104
0.987117
-0.529164
-0.699466
-0.317954
-1.28934
0.956402
1.40788
0.464059
0.612369
0.915258
0.202705
-0.10036
-0.45662
-0.899928
-1.90835
0.107417
0.654668
-0.653335
-0.417959
0.111648
-0.457088
0.827496
0.088976
-0.475855
0.569195
-0.436368
-0.0744933
0.60144
0.236253
-1.45231
-0.668318
0.38614
0.522237
-0.546541
0.382259
-0.34153
-0.899149
0.682779
0.657422
0.488399
-0.0922911
0.838119
-0.542882
0.355284
0.453818
0.200412
-0.496549
0.301489
-4.13349
2.08451
-0.0630637
0.098712
1.85572
-0.804177
-0.308712
0.192161
0.159449
-0.959278
-0.340261
1.02442
0.600399
0.720964
1.1879
-0.225115
-1.22297
-0.345519
-1.14934
-0.67186
0.886303
0.721136
-0.205132
1.9426
1.59888
0.372367
-0.41808
0.644632
0.127124
-0.319339
0.807633
0.633464
1.80688
-0.639557
2.08776
1.39661
0.325513
-0.687063
-0.184269
-0.764297
-0.242965
-1.52381
0.775509
-1.22737
-0.178839
1.89963
-0.340583
-0.599584
0.657305
0.800882
-0.839939
-0.482892
-1.00681
-0.350424
1.96532
-0.348469
-1.05308
0.0314245
0.0396706
0.271022
-1.36073
0.506993
-0.51064
-0.461884
1.26689
-0.159623
-0.801688
0.740533
2.13752
1.3185
1.0952
-0.369037
-0.898103
-0.959149
-0.102657
-0.636517
0.185241
0.376032
-0.0790181
-1.178
-1.34908
0.349266
-0.104766
1.0362
-0.328531
-0.53324
0.31191
0.939418
-1.28037
0.152835
1.09723
-0.988553
-0.228981
0.083992
2.37225
-1.24498
0.117812
1.27086
0.595381
-1.26947
0.391199
-0.472988
0.540952
0.49751
0.463829
-0.672772
-0.066864
1.68631
-0.600051
0.800489
1.30055
-0.773699
0.0236326
1.24226
0.313633
-1.32822
0.0773707
0.175925
1.60521
0.825539
-0.177803
-0.244527
0.826205
0.168779
-0.491335
1.13751
-0.277854
-0.106532
-0.912917
-0.366248
-1.09375
1.11224
0.0850863
-1.40378
-1.77697
-0.823217
-1.5284
-2.03637
1.7097
-0.295657
-0.181654
-0.457807
-0.983554
0.808642
0.751103
-0.56933
-0.146048
0.320379
-0.11375
-0.328608
1.38691
0.866724
-0.522686
-1.75129
-1.00266
-0.187116
-1.12158
1.03607
0.116505
0.308564
-2.01573
-0.940018
0.137284
0.233893
0.0721743
-0.0094713
-1.14016
-0.861366
0.62524
0.739979
2.19893
-0.304702
0.416779
0.827885
-0.819482
-1.55336
-0.445405
-1.98347
-0.79387
-0.65483
0.665254
-0.156407
-1.29875
-1.70345
2.0326
0.752341
-0.0824681
-0.410485
0.0547653
-1.32275
-0.685835
1.11674
-0.67074
2.77609
-1.39473
1.05766
0.127196
-0.0752691
-0.0340298
2.56669
-0.0346228
-0.418878
-1.68217
1.01336
-0.570828
-0.363126
1.24613
1.48495
1.84904
-0.3962
-0.10326
0.816873
0.502008
0.596146
0.291452
-0.74966
-0.663039
-0.984425
-1.15594
-0.148052
-1.06906
0.00632197
-1.6197
-0.298932
-1.08668
1.1477
-0.0882083
0.974762
0.637222
-1.42629
1.22393
-1.50472
1.27914
1.34592
-0.00972691
0.0197643
-0.337091
-1.46335
0.76032
-0.785332
-1.04093
-1.48697
-0.793852
0.53809
-1.04908
0.41678
0.165884
-0.0321861
-0.619155
0.531156
-0.288274
0.338631
-1.3333
0.72471
1.02072
0.314078
-0.48652
1.11937
-0.209514
-0.87401
-0.432427
0.776291
1.48709
0.436652
-0.924735
1.07497
0.417415
0.509467
1.59818
-0.239575
-0.996155
-0.787445
-1.30608
0.651815
-0.410794
0.186416
-0.268793
-1.01924
-1.62866
0.0458239
-0.901963
-0.813654
1.46823
-1.13012
2.01812
1.12627
0.41405
-0.386107
1.56175
0.309194
1.57344
0.529018
0.180866
-0.827272
-0.140193
-1.65029
0.154964
-1.08398
-0.518196
-0.256212
0.985369
-1.38464
-2.02814
-0.196556
0.252522
0.179845
0.0932313
-0.688347
-0.688972
1.67196
0.421006
0.296251
0.923843
-0.914931
1.54777
-1.22781
0.773587
0.286187
-0.625999
0.399778
-0.239273
-0.141896
0.111255
-0.187848
0.747219
0.745812
-0.233797
-0.653949
-0.857202
1.34668
0.638403
-0.374473
1.28782
1.6618
0.520785
-0.401358
-0.8398
0.908533
-0.29031
-1.37212
-0.802426
1.6099
-0.265624
1.26365
-1.22258
0.529263
0.164675
0.916812
0.795313
-1.51826
-1.14573
-1.18611
-0.331902
0.971499
-0.354278
-0.22522
1.10539
-0.905994
-0.291794
-0.0301105
0.730055
-0.782525
1.44518
0.0210634
-0.656945
-0.617969
-0.767432
-0.391608
0.99
1.44297
-0.70996
-0.470058
-1.48856
0.780728
-0.137774
1.47634
-0.403648
-0.311158
-0.56918
-1.44748
0.169716
1.96668
0.791636
1.13385
-0.66628
0.799125
-0.617091
-0.156029
1.86245
-0.3899
0.930754
-1.44436
-2.61154
0.780523
1.04805
-0.0608431
2.48541
0.389
-0.981497
1.5165
-1.02681
-0.309281
-0.60249
-0.0694069
-0.0229524
0.572847
-0.703776
-1.18791
-0.578373
-0.369225
1.32281
-1.65544
-0.544201
-1.25238
0.141929
0.340402
0.262767
-0.908584
0.584695
-0.176175
0.929148
0.233259
0.0411884
-0.784392
0.412308
-1.54113
0.480829
0.551045
-1.17668
-0.733665
-0.0830631
0.774503
-0.46747
-0.315943
-0.933319
-0.483403
-1.14409
0.0755962
-0.34399
-1.27435
0.435558
-0.530106
0.146033
0.241745
-0.204919
-0.208122
-1.30614
0.480659
-1.02198
1.04927
0.255534
-0.778611
0.36547
0.594638
-0.23023
-0.205214
-1.33196
0.496417
-0.15098
-1.991
-0.189312
0.529045
-0.345445
-1.19038
1.88608
-0.94263
1.31205
1.81468
-0.791082
-0.720007
-0.521845
-0.874278
0.735619
0.629276
-1.03497
0.455181
0.574611
1.20098
0.0431643
-0.344821
0.430478
0.704678
-1.28809
-1.12094
0.608268
-0.0805428
0.694402
-1.08267
-0.26775
-0.444577
-2.15606
-1.11004
-0.44643
-0.065395
-0.189458
1.40303
-1.13486
0.577888
-0.350901
-1.13806
0.408347
0.581105
1.02099
1.28471
-1.74029
2.51968
-0.100694
1.05981
0.278963
0.594662
1.21117
-1.61692
-1.34142
1.17905
-0.786703
-0.327721
-0.87263
0.595895
0.808659
-2.40976
1.47727
-1.52381
-0.569583
-0.74185
-0.337942
1.17038
-0.884646
-0.275557
1.31362
1.59067
-1.27344
-0.0718882
-0.0184785
-0.43354
-0.996553
0.745952
0.884097
0.021934
0.915541
0.235712
0.16357
-0.166321
-0.499213
0.513041
1.33908
-1.18476
-1.97781
0.355578
0.589711
-1.13945
1.32449
1.92135
0.324309
-0.633574
1.37958
-0.271894
0.475254
-0.754264
0.831712
1.17453
0.609948
-0.409567
-0.152719
0.974874
2.20865
1.19995
0.591271
-0.125324
0.528967
-0.144875
0.531072
1.06407
0.320727
0.41509
-0.923499
0.93565
0.436201
-0.761178
-0.935563
0.112056
-1.5192
0.808335
-0.0844311
-1.84506
-0.772703
1.21749
1.45003
0.70782
-0.148149
1.45329
0.883803
0.138949
-0.523669
1.33228
-1.60425
1.32398
-0.46975
0.878468
-0.20609
-1.22967
-1.01934
-0.363886
-0.442475
0.277217
-1.82326
2.10674
0.126009
-0.59997
0.57946
-1.92099
-1.20796
-0.114991
-1.18434
-0.713151
-1.48259
-0.286755
2.27063
1.09034
-0.387631
1.01243
0.338416
0.102729
0.210815
0.427619
1.21209
0.43937
1.9823
-0.47651
-0.0478277
-0.500736
0.949151
-1.7177
0.335906
-1.12748
0.93888
-1.38493
0.904171
-1.21156
2.11154
0.361835
-1.8056
0.741368
0.196543
-0.45813
1.38209
1.11856
1.73031
2.58871
0.581915
-0.0915255
-0.00722143
-0.289871
-0.193491
0.152699
1.7843
-1.0508
-0.52585
-0.649718
-0.363912
0.292059
-0.867539
0.804038
0.198715
-0.175105
0.538955
0.183932
-1.82501
0.402837
0.841774
-0.874804
-0.0724703
-0.467715
0.378987
-0.499333
-0.366096
1.38318
1.798
1.05223
0.0639369
-0.192359
0.0612055
-0.500122
0.411144
0.512534
-0.0446602
-0.19751
0.446189
-0.240759
-0.126559
-1.7856
0.368607
-0.999225
-0.475427
-1.57608
1.2161
0.935797
-0.47245
2.03172
0.943343
-0.406638
0.993048
-0.043569
0.939031
-0.889206
-0.22657
-2.66753
0.145911
-1.02614
0.815881
-1.68155
-0.191353
-0.142068
-0.0100752
0.609175
0.57678
-0.663949
0.249801
0.827501
1.32009
-0.148939
-0.114024
-0.965288
0.224111
0.281716
-0.464419
0.447628
-0.380729
-0.315083
-0.0619339
-1.45203
0.708608
-1.09892
-0.0790079
0.739434
0.849433
-0.00360803
0.826573
-0.117774
-0.587617
-0.399585
0.86802
-0.640358
-0.216956
0.12878
0.263215
0.0428463
-0.367454
0.00101474
-0.188713
0.586263
-0.248654
-0.565418
-0.00773852
-1.57815
-1.48308
-0.330512
1.37987
-3.54062
-0.945496
0.616824
-0.315884
-0.851126
-2.09238
-0.605582
1.56983
0.0213625
-1.28063
0.563697
1.53966
1.48907
2.1304
-0.587359
0.56868
-1.33041
0.852461
-0.284706
0.711495
-0.206002
-0.393009
1.97373
1.85296
1.03886
0.512319
0.446431
2.56082
-0.350237
-2.6487
1.28949
-0.328645
-0.685384
-0.139443
-1.21139
1.49856
0.227233
0.508724
-2.32903
-1.63943
0.0619378
-0.481058
-1.4303
0.492284
2.30481
-0.0231579
-0.835246
0.546318
0.230621
0.0222753
-1.23099
-0.492889
-0.029324
0.332058
0.240026
0.802394
0.670667
-1.76767
-0.14041
0.0865263
1.38363
-0.517093
0.532584
-0.583072
-0.10878
0.550791
1.15581
-1.74428
0.256743
0.163789
-0.69039
-0.858919
1.05965
-1.1352
-0.405871
0.246566
-1.16253
-1.14063
-0.161479
0.100763
-0.348615
1.63648
0.30407
1.62492
0.117424
0.454929
0.899207
0.96989
-0.761422
0.726374
0.145361
-1.60188
-1.50602
-1.79462
-0.0303261
-1.15225
0.0358156
0.0664062
0.441255
1.85331
1.22271
1.11197
-0.61403
0.0938801
-0.553566
-0.310943
0.48197
-0.247932
0.525259
-0.469535
-0.340496
-0.269549
-2.54877
-1.5883
-0.649335
2.18754
-0.0783783
-0.433726
-0.503151
0.540765
1.05059
0.312689
-1.53905
-0.714844
2.63775
0.923833
0.205574
1.13525
0.42049
0.489886
-0.53194
-0.512684
2.186
0.790708
-0.661073
-0.490514
-1.06777
0.0979194
0.361267
-0.411494
-0.26168
1.35902
0.0829047
0.743037
1.07702
-1.23845
-0.129912
-0.33264
0.096567
-0.329906
-1.20424
0.418725
-0.520364
-0.928286
0.495529
-0.573838
-0.569017
-0.0210017
-1.53627
-0.993189
-0.238056
-0.739381
0.313692
0.253739
-0.512502
0.546002
-0.675897
0.101627
1.30654
-1.36098
-0.925027
1.89445
1.37727
0.639583
-0.17111
-0.664154
0.651622
-0.68864
-0.418634
-0.496911
-0.454968
-0.594562
-0.602812
0.145778
0.33786
1.21025
2.13773
-0.777662
-0.374175
0.464887
0.19414
0.340967
-0.27273
-1.1975
1.60226
1.00793
-1.43073
0.589197
-0.574028
-0.938603
0.926738
0.761999
-0.625556
-0.450722
0.0220605
2.11102
0.858189
1.84926
0.106705
0.100118
-0.083558
-0.953969
-0.325564
-0.40259
-0.593143
0.61605
1.37976
-0.490278
0.304706
0.225251
1.26616
0.0802267
0.514724
-0.125269
0.716065
0.889637
0.908006
0.163899
-1.23103
0.67462
-0.885046
0.538765
0.426913
1.0139
0.229454
0.213313
0.226585
1.44661
1.05321
-0.215586
0.485807
0.0116973
0.0941534
-0.259067
-0.441368
-1.2094
-0.351308
0.555667
-0.532454
-1.18825
0.682169
1.06588
-2.00584
-2.83353
0.0561935
0.10107
0.10588
-0.932834
-0.857166
0.726057
2.27856
-0.182984
-0.946382
0.911661
-0.338248
0.532163
-0.113199
1.117
2.36836
0.153746
-0.0535859
0.118074
-0.282716
-0.0882853
0.633669
-0.580585
0.55281
-1.45757
0.438761
0.643552
0.788386
-0.680932
3.03754
0.820215
0.00660066
1.1494
-0.572777
0.237783
-0.557949
2.19108
-0.305329
0.354645
0.0240386
0.42583
0.25244
1.36134
-1.6401
-1.17647
0.288924
0.81008
-1.26677
-0.827558
0.792093
-1.10751
-0.99707
-0.996817
-1.14023
-1.11339
1.6513
-0.978817
-0.385468
-0.613522
1.19811
0.315883
-0.06662
-0.775615
-0.209564
0.258656
-0.363814
0.457631
-1.38935
-0.41704
1.23218
1.59832
-1.15119
2.17546
1.2626
-0.338924
-0.294079
-1.5885
1.1896
1.01215
0.995454
-0.179196
-0.79673
-0.00333678
-1.60815
-0.395096
0.406451
0.872074
-2.3537
-0.0931483
1.78314
-1.18481
-1.75443
0.89461
1.36776
0.818433
0.819869
-0.695039
1.45213
-1.19704
-1.83741
-0.0713207
0.730396
-0.161828
-0.748582
1.02443
0.600232
0.358707
0.504323
1.08916
-0.000631683
1.02078
0.051799
-0.467213
1.98123
0.303331
0.920933
0.589162
1.5867
0.0786646
-0.529592
1.88232
-0.511265
0.690221
-0.754174
0.852094
1.71646
0.476506
-0.744815
1.41674
-2.47598
1.04113
1.51411
0.139298
-0.150782
-1.07948
-0.7227
0.304698
0.469061
0.694136
-0.123385
0.755217
-1.376
2.3466
-1.65658
-0.387928
-0.729584
-0.66479
1.26087
-1.66892
1.76429
0.505125
0.565145
1.99436
-0.482606
-0.893168
0.387085
-0.335891
-0.5157
0.128656
0.895863
0.139484
-1.24869
1.3925
0.745067
-0.742725
-0.792817
-0.70722
0.41355
1.08722
-0.5445
0.47126
-0.349569
0.283134
1.06802
0.0618718
0.162713
-0.455428
-1.25142
-0.0386126
0.779808
0.4767
-0.198382
0.494584
-0.0992091
0.314775
0.901094
0.159925
0.183141
0.733847
0.922405
1.12167
-0.764158
1.43755
-0.942308
0.672857
0.104453
-0.426768
0.865349
-0.413125
-1.10513
-1.14172
0.170936
2.1195
-2.06499
0.157256
-1.77898
-0.0715954
1.37309
0.574772
-0.315257
-0.216673
0.464287
1.48862
0.894294
-1.27774
-0.953422
-0.687964
-0.0896272
0.682298
0.919601
0.860142
-1.28705
-0.0849442
-0.543443
-2.35859
-0.737977
0.173072
-0.504131
1.99763
0.965223
0.765878
0.407329
0.846913
-1.02195
1.53986
0.41196
0.184226
-0.365698
0.4597
-1.29286
0.069572
0.975054
-1.73529
-0.72192
1.39785
0.216346
0.342368
-1.83618
2.25525
0.596274
0.261194
-1.39035
0.49065
-0.68815
0.729278
-2.31046
-1.72022
0.167822
-0.170038
0.557853
-0.753846
-0.26406
1.16652
1.01152
0.363732
-0.178748
-0.645877
0.475359
2.17606
-0.686954
-0.0260247
-0.794379
-0.318413
0.241953
-0.283941
0.95599
-0.0406696
0.093518
-0.435081
-0.109401
0.167682
-0.566431
-0.230516
-0.118016
-1.6151
-1.39632
-1.33605
-0.587125
-1.47649
1.60518
-0.177227
2.37222
0.706061
0.0116591
-2.01059
-0.0389159
-0.0728739
0.160941
-0.630352
0.407461
-1.42552
1.52406
0.591963
-0.485041
1.11135
0.338255
0.0329816
0.993161
-0.0688352
0.334229
-0.0239476
-0.346876
-1.29721
-0.172031
-0.170952
-0.918333
-0.0668189
-0.410839
-0.542991
0.567612
-0.262048
0.0300919
1.00566
-0.276704
0.626412
-0.324723
0.707272
0.869888
1.23723
-0.309913
-0.905005
1.42436
1.23546
-1.89809
1.62571
-0.612241
-2.53303
0.146563
0.0816461
-0.144977
0.859215
2.04423
1.0913
-1.33884
0.416948
0.676006
-0.576642
0.808227
0.616005
0.762634
-1.19351
0.843039
0.26511
2.15678
-1.40416
0.102294
-1.10248
-0.462069
-1.0202
0.00200488
-1.36581
-0.939973
-0.718614
-0.0262625
0.468895
1.13082
-0.315033
0.793223
0.578322
0.359662
0.552555
-0.638987
-0.26682
0.554864
-0.552844
-2.02084
-0.0591854
-0.587805
0.76088
0.48845
0.570757
1.16357
0.59259
-0.988424
-0.493942
0.795724
-0.441642
0.0341756
0.333409
-0.558912
0.675583
-0.547602
0.888191
0.285638
-0.462074
0.934117
0.0127131
-1.72725
-0.620434
0.728968
1.70942
1.0474
-1.13185
-0.625491
-1.38406
-1.90577
0.831331
-0.864457
1.30743
-2.87112
0.0917976
-1.53075
2.20859
1.27197
-0.223327
1.26012
-1.28044
0.716788
-0.191299
-0.4102
0.554246
-0.732624
-0.585365
0.984623
-0.443319
-0.885561
-0.377742
-0.18901
1.71523
0.434084
-1.8375
-0.439421
-0.973601
0.901507
-0.867323
-0.745122
1.12186
-0.0450574
-0.41678
-0.541098
0.289616
-0.433452
-1.04687
-0.0515143
-0.24776
-0.981854
0.256258
0.890222
-2.24457
0.292694
1.3632
-0.216564
0.302284
1.29897
0.543342
-2.02231
1.98691
0.252597
0.0733151
-0.719451
-0.00531469
-0.866593
-0.472706
0.544447
-1.96346
-0.138846
-0.717752
0.148845
0.543753
1.34719
-0.108997
-0.0424613
0.943919
-0.920218
0.874647
-0.109148
0.826535
-1.67482
0.554799
0.0663866
0.808693
0.555014
-0.703304
-2.40211
-0.229673
-2.5595
-0.113714
1.28831
-0.732329
-0.000282283
-1.42852
0.681336
0.261603
-0.796534
-0.590027
1.12287
-0.266059
-0.238029
-0.514168
-0.0203648
1.28607
0.556686
0.420871
-0.298589
1.81884
0.0670688
0.449198
-0.919618
0.918033
1.16479
-1.61682
1.09203
-1.2029
-0.209564
0.343259
1.28583
-0.826089
-0.202814
0.455013
-0.0577409
0.608906
-1.14837
2.16077
0.543043
0.173179
0.245315
0.107084
0.133579
1.619
1.3299
1.02038
1.5341
-0.449768
-0.678552
-0.0338858
-0.184532
-0.391749
-0.666089
-0.452293
0.297252
-0.362737
0.560511
0.598128
-0.676255
-0.42161
-0.196969
1.07116
-0.47146
0.445704
1.70566
-1.33767
1.79077
1.10949
-0.0578956
-0.125616
0.229036
-0.746581
0.2216
-0.837037
0.22727
-1.32163
-0.583004
1.01696
-0.97847
-0.431223
-0.924999
-0.873453
0.997741
-0.410833
0.227502
1.34007
0.260307
0.489359
-1.5355
-1.44219
-0.440302
1.69713
-0.842749
0.589032
0.763108
0.032769
0.332019
0.897001
-0.595838
0.214785
-1.09493
-0.0048043
-0.823656
1.54989
1.0538
-1.90966
-0.00986124
0.872275
0.187685
-0.612201
0.786663
0.857559
0.253028
0.364014
0.997366
-0.151658
1.20413
-0.629495
0.307186
-1.49374
0.572037
-1.07741
-1.21908
0.312654
0.822846
-1.37844
-1.03699
-0.120857
-0.260915
-0.711502
-0.600521
-0.992765
-0.984667
1.18255
-1.35577
0.258085
-1.22327
0.538789
0.612449
0.532304
0.697569
1.55718
0.8445
-1.64844
0.462057
1.08379
-0.453201
1.7698
-0.864711
0.697897
-0.643153
0.194697
-2.25905
-0.384495
-0.0629498
-0.994997
0.750434
-0.649863
1.19312
-0.315177
-0.0710487
0.454314
-0.808457
-0.85196
1.32918
-0.441864
-0.166402
1.13787
-0.369281
-0.842582
-0.547754
-0.42368
0.74005
0.174652
-0.0988343
-1.92514
-0.438813
-0.702867
0.956508
0.842605
-0.0400428
-0.294727
0.353795
0.736716
1.51079
-1.3494
-0.81283
-1.49144
-1.14775
-2.12161
-1.37622
1.385
-0.100642
1.29257
-0.00273448
0.750657
0.333625
0.782749
-0.34053
-0.0403842
0.670897
1.62096
-1.30442
0.273681
0.0129306
0.315713
-1.80032
1.61098
-0.629572
-1.27853
1.79829
-1.21712
0.478441
-0.589241
-1.06089
-0.712904
-0.423381
-1.10692
0.718905
-1.1493
-0.0647688
-0.439553
-1.34468
0.880151
1.67201
-1.29175
-0.392857
-2.29064
0.609126
-1.31753
0.69112
0.0424465
1.21657
0.252953
-1.7678
2.47762
0.436518
0.329501
1.53434
-0.0901247
-0.552194
0.676317
0.641068
-0.185862
1.13349
-0.356183
-1.0515
-0.692105
0.509587
-0.659683
0.819666
-0.858568
-1.07395
-0.691492
0.836933
-0.761509
1.25796
-1.50567
0.399916
0.257293
-1.2731
-0.690443
0.669616
-1.15035
2.0656
0.914733
-0.770403
-0.969537
0.546052
1.45122
1.07014
0.0670084
-1.66959
-0.542626
0.947027
-0.554883
-0.117402
-0.831016
0.706702
-1.38815
0.848945
-1.10418
0.748239
2.35943
0.734908
-1.13161
-0.122284
-1.75794
0.820861
3.82092
-0.371154
-0.914115
0.587503
0.654931
-0.514144
0.508165
2.20655
-0.59311
-0.914296
-0.961004
-0.164214
0.0529419
0.864461
-1.60006
-0.0091429
-1.35691
0.196233
-0.84256
1.65197
-1.37929
-0.250802
-0.513813
0.241397
-1.05781
-1.24988
-1.19261
0.0598134
0.292567
1.71718
0.674894
-0.88944
0.546342
0.368906
0.0296936
0.689748
-0.792099
0.925333
0.295244
0.013739
0.0560761
-1.81637
-1.43762
0.0338392
-1.24111
-2.089
0.148689
0.837652
0.554705
0.633875
-1.46631
0.576249
-0.396353
-0.224589
-0.526226
-1.39391
1.10482
0.519368
-0.41943
-1.7297
0.62142
-0.470885
-0.193943
0.132384
-0.4939
0.0597821
0.434778
0.823268
-0.0757397
-1.01085
0.248952
-0.84387
0.577398
0.641821
0.639375
-0.948485
-0.470927
-0.442225
0.147746
-0.183318
0.496928
1.09015
-0.272688
-0.327607
0.423734
-0.648457
-0.149105
0.0392911
0.171322
0.212926
-0.186623
0.145775
-1.04746
-1.73587
0.289993
-0.223107
-0.278624
-0.704091
1.33611
-2.38144
-0.948461
-0.975601
2.04454
1.94119
1.79284
-0.181506
-1.98269
-0.894794
0.689411
0.293784
-0.961358
-0.645756
-1.21902
-0.222448
0.822728
0.304696
-1.55709
-0.245245
0.141879
1.10609
-1.13146
0.809086
0.265243
-1.2324
0.403764
-0.0668846
0.300626
-0.662877
0.737859
1.51398
0.54682
-1.15929
-0.884176
0.888098
0.568546
-0.938217
-1.6989
-0.452819
-0.334186
-2.00114
0.572586
0.251566
0.310228
-0.15964
0.256905
-0.378965
1.83659
0.568879
-0.619228
0.372548
-0.919437
-1.30039
-1.26234
-0.593373
-0.303444
-0.678039
0.0915501
0.201068
0.0173847
-0.383125
1.92184
1.56219
-1.40286
0.335935
-0.209609
0.0684116
-0.553128
0.408698
-0.441397
1.30784
0.078504
1.26844
-0.523531
-0.116796
0.155557
-0.039106
-0.249469
0.0262158
0.43231
1.62716
0.549052
1.40165
0.202053
1.4744
-0.20748
2.10339
1.00308
1.09441
0.136568
-0.452516
0.401351
0.934547
0.169734
1.55903
1.31438
-0.751496
1.04878
-1.12182
-0.446342
0.899902
0.0356097
0.545675
-0.395944
-0.913633
-1.01168
-0.266302
-1.00466
0.27856
0.688802
-0.632181
1.70138
-1.14251
0.437676
-0.230317
-0.433079
-0.179897
-0.81067
-0.281601
-1.06199
0.37044
-0.512794
1.00947
-1.03267
-1.36103
0.891775
-0.319216
-0.0159357
0.851576
0.154947
0.351096
0.526432
0.933749
0.880918
0.228826
-0.274534
-1.67415
1.33341
0.122645
-1.00029
0.176649
0.898503
-0.572689
2.12349
-0.534633
-0.561257
0.0488907
0.545367
1.79833
-1.4152
-1.74691
-0.880459
-0.421881
-0.357652
-0.0578227
1.98747
-1.32557
-2.46465
-0.589999
0.546888
0.388486
-0.244449
1.07852
0.817044
-0.474309
0.678571
1.56858
1.86036
-0.629597
-0.0761487
-0.698954
1.34717
0.290625
0.717657
0.387219
0.409362
-1.23826
-1.20998
-0.294273
1.33291
-1.97399
0.400707
-0.215632
1.05653
-0.176883
0.274847
0.936832
-1.05101
0.408045
-0.270929
0.855684
-0.864864
0.0502223
-0.253195
0.366392
0.770712
1.43399
0.195472
-1.21744
0.298956
0.152295
0.481592
-0.989231
0.133266
-1.96494
0.160775
1.37731
-0.856115
-0.0143443
-1.67112
0.150046
1.19026
-0.245148
1.02427
0.709394
-0.530998
0.582503
-0.875429
-0.970467
0.579878
1.10285
-0.533532
1.59999
-1.0766
0.202238
-0.101953
1.90502
-0.0636048
0.0578389
-0.176886
-1.10601
1.52885
-0.240334
-0.462072
-0.259251
-1.11688
-0.861718
0.170361
-1.09085
1.23766
0.915172
1.27809
-0.920968
0.0917486
0.287014
2.08869
0.799213
0.0247028
-0.383919
2.10906
0.989334
0.234103
0.267276
0.0704872
1.85447
1.77717
0.133699
1.46804
-0.904582
-0.805794
-0.0958407
-0.265056
-0.156977
-0.307049
-1.06581
0.225778
0.646318
1.38937
-1.53681
-1.07655
0.900381
-1.22805
-0.543892
1.0772
0.0182035
0.277806
0.41968
-0.274965
1.03776
-0.535186
0.664973
-0.794261
0.544918
1.96156
-1.055
-1.04642
1.02462
-0.988181
1.00731
-1.05016
-1.02033
0.48967
-1.12087
1.09722
-0.379035
-0.178297
-0.878286
0.305014
1.01227
-0.958127
1.26317
-0.0478594
-0.538353
0.417382
-2.62871
1.38081
0.0861439
0.387289
-0.633792
0.912346
-0.458732
-0.877551
1.16089
-0.439516
-1.98239
-0.182932
0.905883
0.183816
-1.46073
-0.277741
0.0274908
0.668219
0.815322
-0.244728
0.0201246
-0.0654188
0.399356
-0.937754
0.176247
-0.168451
-2.65951
0.346522
0.49586
0.0608698
1.08977
0.721564
-1.53518
0.297162
0.555586
1.03013
0.372387
-1.00191
-1.40385
-0.941035
0.322386
-0.208237
-0.562802
0.661231
-1.34864
0.188507
-0.274934
0.0851412
1.15371
-0.215038
-2.26383
0.0315184
-1.20145
-0.927015
0.216996
-0.28462
-0.396342
0.465631
0.41192
-1.55078
-0.694129
-0.0887767
0.282171
-0.28033
2.66659
0.892556
1.57966
1.3223
-0.381923
0.478592
0.541546
1.07343
0.544965
2.56517
-1.47796
-0.30091
1.03923
0.140507
0.174748
-0.81628
0.475571
0.024571
0.990206
0.571755
-0.179442
1.10267
-0.156726
-0.0445276
-0.813677
-0.865907
1.50493
0.562209
0.20491
-0.67088
-2.07562
-0.586185
0.410344
1.79033
0.393396
1.49045
-0.88674
1.92796
-0.67493
3.11504
0.541869
0.298195
-1.24047
-0.673974
-1.19101
1.45372
0.317781
0.866042
0.0173965
1.72086
-0.905236
-1.32283
-1.41543
-0.196223
-0.972159
-0.505329
0.571803
-2.7932
1.46861
-1.27097
-0.230416
-1.55923
-1.03068
2.12898
1.31512
0.089029
0.204586
0.835045
0.886362
0.177304
0.140893
-0.590695
0.21368
-1.91493
0.652838
-1.19058
0.385778
0.514562
-1.65585
-0.303426
-0.79134
0.386158
0.788875
1.28874
1.91737
-0.0375279
0.98796
0.869558
-1.13851
-0.784097
-1.28281
-0.348107
0.11561
-0.0207897
1.83005
-1.67877
-0.699908
-0.0508362
-0.316565
-0.772683
0.621409
-1.64402
-0.308063
-0.502871
-0.388144
-0.550587
-0.0241368
0.363839
-0.0382312
-0.307739
1.02031
0.0539071
-1.64105
1.35887
-1.18846
-1.59854
-1.06538
-1.32316
-0.17273
-0.417058
-0.112539
0.363064
-0.526519
-0.287048
0.383615
-0.128315
-0.501083
-0.268252
-0.212713
0.630537
0.694873
0.696107
-1.13014
0.395904
0.327674
0.163167
-1.57472
0.180431
0.222448
-0.0724343
1.15749
-0.396054
-0.456916
0.130905
1.84867
1.62821
1.25496
0.808223
0.835657
-0.395248
0.829783
-1.48538
0.0996387
-0.978311
0.764564
-1.76881
-0.286856
-1.16192
-0.663651
-1.62993
0.620271
1.77513
1.14831
-0.876435
0.825853
0.423157
0.837341
-0.00119359
-0.155786
0.922322
-0.414382
0.00762205
-0.450879
-1.28653
-1.18434
0.673041
-1.61094
0.005131
0.990932
-1.51142
-0.223455
-0.0359183
-0.281065
1.60198
0.516738
-1.25458
-0.37893
-1.30268
0.742435
-0.408474
0.409459
-1.55607
-0.98104
-0.0421244
0.0496348
-1.50887
0.813764
0.289475
-1.38616
-0.643272
-0.212268
0.253389
0.433018
0.385553
0.0587072
-1.08263
0.122836
0.858564
1.27721
-0.528065
-0.0122902
-0.149551
0.45066
0.760188
-0.644164
2.57756
2.03994
1.15531
-0.730003
0.710141
1.2238
0.037491
0.383603
1.27238
-2.54523
0.168725
-0.377871
1.53887
1.6363
-0.374734
0.666353
-0.372798
0.824576
0.976642
-0.402924
0.768173
0.826433
-1.65109
-2.11857
0.745494
0.818419
0.451931
-0.234146
-1.31172
-0.0447187
1.41907
-3.12564
0.30494
1.10827
2.0119
0.733918
0.629959
-0.672136
0.624641
0.147211
-0.932893
0.476445
-1.2172
0.774384
-1.8615
-0.775799
-0.314464
-1.48792
1.01601
1.83487
0.562911
-0.324099
-0.787568
-0.22404
2.24404
0.171928
0.438225
-0.563617
0.829756
-0.522379
0.183611
-0.808689
-0.367731
0.413858
-0.588672
-0.084768
-1.12487
-0.119499
2.12116
-2.09176
-0.129468
-0.531625
-1.35854
0.404874
0.641493
-1.07219
0.250143
-0.997292
0.18034
0.725201
-0.316563
0.409031
1.40338
-0.287408
1.16293
0.0269998
0.514754
-1.96643
-2.10531
-1.51522
0.940264
-0.0799957
0.427429
0.284215
0.714189
-0.380041
-1.21721
-0.796378
-0.138859
0.846447
-1.22777
-0.109843
-1.84215
-0.0726656
-1.05002
0.0517676
0.764771
0.527532
0.444502
-0.313974
0.540536
1.56792
0.400399
0.689176
-1.10145
-0.865824
-0.639076
0.568061
-0.167293
-0.943126
-0.388596
0.863823
1.12977
1.07115
0.0503088
0.532891
0.867007
0.43121
-1.78689
-0.701553
-1.04839
-1.93958
0.54664
1.55949
1.63112
-0.103513
-0.391899
-1.6399
-1.82181
0.277177
-0.748387
1.44967
-1.18356
-0.0757827
-0.441855
-0.825144
0.0935372
0.60616
-0.478055
1.09814
0.242447
-0.560311
-0.031308
-1.02509
-1.01592
0.413548
-0.231165
1.8891
-0.567661
-0.063991
-1.61203
0.815568
0.625513
0.528756
-1.05001
-0.201031
-0.384715
1.33265
-0.709707
-0.15249
2.98895
0.409471
-0.96408
0.920395
0.500806
1.38072
0.907493
-0.393696
-0.72145
-0.665514
0.0661795
1.13076
1.36514
-1.33927
-0.591435
-1.61415
-0.571345
-1.21998
-0.231916
0.576472
0.0543294
-1.92867
-0.342784
-0.568556
-0.240113
-0.652901
0.0445246
0.544828
-1.2451
-0.299987
0.441905
-1.67726
-0.131034
1.44461
0.58854
-0.952137
-0.546741
-1.73114
-2.51716
2.35484
-1.17467
1.8699
-0.794131
-0.546772
0.206629
-0.319515
0.132458
-0.897102
0.254372
-0.104431
-0.383385
-1.22186
0.752512
-0.702167
-0.665769
0.491424
-1.52154
0.754361
0.498452
-2.26842
0.119647
-0.141646
-0.854571
-0.16641
0.375059
-0.686469
0.0925879
-0.380302
0.162678
1.0875
0.503339
-0.782115
0.567797
-0.0960787
0.398791
0.763653
0.93507
-1.43525
2.20312
0.316084
1.32905
1.19577
-0.696201
1.06742
0.104341
0.909104
0.96845
0.156982
0.180434
-0.69416
-0.657035
-0.339693
0.0339203
0.277497
-2.72682
-2.55053
-0.228078
0.867812
-1.68835
0.391121
1.48113
2.0847
-1.09996
-0.493375
1.39899
-0.987932
-0.24648
0.278855
-1.10748
0.615078
-0.578968
0.768837
-0.717067
-0.610991
-0.474587
-0.365692
0.227332
-2.04542
-0.331155
-0.366828
-0.554078
0.211455
-1.49425
-0.403163
0.932122
1.06385
-1.30545
-0.225419
0.318065
-1.23454
-0.712577
1.01966
0.421651
0.499625
-0.185814
1.3427
-0.88562
0.595277
-0.393339
-0.491423
-0.596953
-0.370156
-0.488588
-0.548654
0.696487
0.197813
-0.0587201
0.707157
-0.0575771
-1.02617
0.504062
1.08157
-1.64008
-0.7298
-0.414389
-0.590682
-0.23892
-0.188731
0.767952
0.303791
0.10797
-0.863569
0.551903
0.0956863
-0.478486
0.958342
0.894367
0.0226353
0.119494
-0.499669
0.643559
-1.25345
1.0022
0.951996
-1.35383
-0.194417
-0.286241
-0.252678
-0.424338
0.273324
-1.26084
-0.161334
-0.970886
-0.909426
0.125942
1.61839
-0.547703
-0.914439
1.1792
-1.57389
-0.40866
-0.372531
-0.500852
-0.670237
1.23944
-0.0148945
-2.2925
1.01844
0.700391
0.141691
-0.407118
-1.45184
0.175915
-1.07707
0.0698445
1.09726
-1.03615
0.510901
-0.749888
0.707448
0.889619
0.843758
0.28119
0.778232
-0.891891
0.670972
-0.841862
1.7393
0.13689
0.300774
0.0010962
-1.94526
1.61471
1.12403
-0.567549
-0.222532
-0.709605
-1.3462
0.0524309
-0.191576
-1.69076
0.973937
1.7149
-0.896847
1.22488
-0.155573
-0.0320645
-0.726506
-0.463582
-0.387247
-0.501088
0.61621
0.944445
0.645756
-2.55669
-1.36063
1.18999
-1.24046
-0.585142
-0.0505479
-0.4747
0.109893
0.0806884
-2.11999
2.05584
-0.050422
0.737104
-0.148865
1.09006
0.0536585
-0.933108
-0.426604
0.869807
-0.276204
0.215482
-0.141241
-0.0222452
0.573248
-1.25576
1.94572
-1.15249
-0.28437
-1.2326
-0.317355
2.1116
-0.949407
0.422364
1.79653
3.00359
-1.51447
-0.448645
-0.95047
0.905299
-0.0527824
-0.634124
1.18012
-0.512898
-0.192505
-2.15261
1.88661
0.343695
-1.23249
-0.278031
-1.16106
1.10777
0.251997
0.631274
-0.583146
0.480427
0.784302
1.50262
-1.3142
1.91757
1.05242
1.15378
-0.532946
0.488599
-0.994651
-0.950141
0.601569
0.669366
1.17847
-0.742403
-2.04928
0.0404383
-1.27098
1.64867
-0.306824
0.925031
-2.046
0.883605
-0.0134288
0.533219
-1.43585
0.0952432
0.76879
-1.03672
0.0161666
-1.41305
0.137256
-0.290337
-0.616386
-1.52742
-2.28004
0.550038
-0.200393
0.812757
-0.113848
0.473455
-0.832479
-1.04584
0.106641
-1.13545
0.525274
0.442372
0.0472885
1.1195
-1.18911
-0.0882275
0.0515344
1.60757
2.22489
1.93972
-0.073475
-2.15175
-0.253289
-0.525285
-0.790544
-0.246802
-2.28556
-1.11733
1.18332
-1.0392
0.282803
-1.04285
0.0292627
-0.736849
0.463836
-0.203541
-1.47753
1.59573
1.4515
0.948375
0.608222
-1.50947
1.46184
0.200967
-1.03058
1.69617
0.11115
0.0970981
-0.802716
-1.29287
0.179865
1.47083
0.465809
1.17188
0.900784
-0.33625
1.69014
-1.56091
0.174327
-0.092196
-0.508703
0.0383998
0.970899
1.01897
2.90134
0.27486
-1.12152
1.44278
0.765233
2.53484
-2.22592
-0.989885
0.271089
1.3958
0.498333
0.200646
1.62172
1.35423
0.46659
-0.124269
2.30561
0.872799
0.835708
1.34169
-0.33745
-1.31206
-0.483686
0.625598
-0.28759
-0.0500127
-0.427074
-0.279775
0.41374
-0.581345
2.23407
-0.198907
-1.10762
-2.14634
-0.914704
-0.0771341
-1.38738
-0.936068
0.445629
1.59482
0.796425
-1.40989
-1.6188
0.375002
-1.08434
-1.53464
0.78226
0.96147
-1.46322
0.181845
1.35901
0.0452187
-0.0150474
-0.0462506
-0.794652
0.64277
-0.379796
0.152062
0.200385
-0.561074
-0.200344
0.324657
1.03192
0.246891
0.658098
0.475266
-0.237231
0.963745
-0.651227
1.54316
0.964483
-0.16041
0.790918
0.056737
0.330823
-0.487153
-1.29691
-2.18211
1.62812
0.725463
-0.300134
1.07158
-1.28212
2.1254
-0.22049
-0.874037
-3.5042
-0.327291
-0.856424
0.768421
0.916889
-0.816762
0.146381
1.43412
0.439299
-0.100248
1.38927
1.03263
-0.458808
-0.171191
-1.35251
-0.563299
1.7587
-1.57606
-0.102689
1.20795
-0.100694
-0.25949
-0.505066
-0.753841
-1.19525
0.180037
0.589894
-0.242986
-0.575212
0.392626
-1.44902
-0.331917
-0.157916
0.103567
0.495006
0.203881
-1.07455
-0.812829
1.17266
3.04008
0.379702
-0.0716321
0.118228
-0.0241222
-2.23967
-0.805956
-1.03554
0.616504
1.42482
1.06811
1.47266
0.307468
-0.247656
0.648484
0.748889
-0.0427612
0.235464
0.162898
0.799484
-1.99933
-0.0648174
-1.56735
0.147895
-0.150652
0.411152
-0.022457
-0.361156
0.802904
-1.51155
-0.80204
-0.294749
-0.784805
0.657307
-1.42402
0.426516
1.85753
-0.619584
-1.33583
1.42788
-0.716644
-0.0537896
1.17135
0.845647
-0.253498
-1.40965
0.299774
0.0663512
0.778451
-0.682238
-0.668028
0.122293
0.777927
1.10471
1.27814
-0.106156
1.4602
1.03764
0.198435
0.104378
0.127229
-0.612945
-0.826743
-0.48727
-0.848378
0.632539
0.350014
-2.67535
0.77308
0.209311
2.49993
0.219578
1.45468
1.41275
-0.431725
-1.21079
-1.30647
-1.30203
0.955164
0.966911
-0.323112
-0.955664
1.13249
-0.539789
1.33305
-0.157064
-0.151602
-0.0595794
0.972048
-1.76392
-1.25301
-0.608251
1.3295
-0.661436
-0.471176
0.767586
0.267898
-0.755508
-1.40984
1.65534
-0.514319
1.12086
-0.904301
-0.71982
-1.19407
0.129272
0.114492
0.510074
2.09485
-0.0630797
0.535715
-0.984986
-0.885062
0.650257
0.637492
1.74428
1.52356
0.324411
0.0379477
1.83526
1.18787
-1.19396
0.834611
-2.17499
0.625616
-0.28838
-0.560014
-1.30489
-0.752667
-0.291297
-1.28138
-0.127028
-1.61685
-0.964083
-1.07755
0.687648
-0.594688
1.43054
-1.60107
1.44068
1.25053
-0.150368
-0.0700217
0.839495
0.438268
-1.11642
-0.742667
-0.459473
-1.54797
-0.311978
-1.8052
1.52731
-2.21453
0.775543
-1.32801
-0.610229
-0.0553928
0.796849
0.491247
-1.08139
1.10463
0.0631063
-0.0763122
-1.56828
-0.83713
-0.0188254
0.936583
0.577257
1.28081
2.62603
-1.81258
-0.154173
-1.42484
-2.01659
0.889366
-0.574356
-0.701435
1.80234
-1.03395
0.473653
-0.69176
1.1743
0.763328
0.564396
-1.30648
1.4162
1.09959
0.732009
1.0753
0.0590698
0.109148
0.167818
-1.05224
-0.310086
1.59093
1.32851
0.197514
-2.00261
-0.0302832
1.34303
0.060891
0.438922
-1.33086
0.653991
1.39961
0.88956
-0.924066
1.31158
-0.441606
0.220681
0.75507
-1.02688
-1.03249
0.339886
0.0816545
-1.10549
-0.269512
-2.39354
-1.5855
0.173759
0.625279
-1.08713
-0.324404
-1.13802
0.156039
-0.0165248
-0.29797
1.27396
0.39678
0.119536
3.8675
-0.27571
-0.847665
-0.519513
-0.475069
-0.386258
0.341976
-0.79661
-1.5782
-0.589551
-0.310732
0.527524
0.78861
-1.47607
-1.30015
-0.438509
-0.228203
0.181914
-0.554545
1.09675
-0.017797
-0.648862
-0.823139
-0.788609
-0.478281
-1.71957
0.642437
0.729535
1.21632
1.22054
0.475656
0.705859
0.205568
-1.01334
0.198249
-1.14619
0.324513
0.1148
0.0721379
-1.19858
0.348934
0.0699146
-0.471637
1.31773
0.953036
1.19816
0.265915
0.338777
-0.949526
-0.0552873
-0.33781
-1.91981
-1.28242
-0.0851289
-0.285926
-0.923493
-0.317376
0.53356
0.71768
0.81522
0.0841013
0.37654
0.774748
0.304653
0.424571
-1.10785
-0.778403
-2.08174
0.488327
-0.224206
0.367508
0.366107
0.477614
-0.290598
1.54155
0.177925
0.374507
0.398638
-1.07903
-0.245997
0.749313
-0.820085
-0.744181
-0.168664
1.31798
-1.61361
1.49635
-0.397665
-1.03599
-0.954779
0.165965
-1.01728
-0.417622
-0.766418
-0.484837
0.353473
0.778154
0.845319
-0.250401
1.65554
-0.976351
-0.269556
-1.05762
1.62067
-0.141132
0.735087
1.3552
0.438276
-1.2658
-1.25752
0.127339
-0.268205
-1.62081
-1.82882
-0.357725
-0.953064
-1.50838
0.217387
1.12597
-1.04987
0.744642
-0.26776
0.318609
-1.83008
0.584948
-0.318493
-0.398865
-0.73185
1.08008
0.215117
0.52504
1.9625
1.48182
0.986709
-0.23906
2.55229
-0.144844
-0.0332277
-1.22466
-1.73611
-0.395642
0.383367
-0.0351618
0.835999
-0.612013
0.640224
0.913399
0.400383
1.53817
0.360889
-0.718899
-0.124295
-0.655246
0.735021
0.197998
1.87904
-0.0961629
-0.430382
0.353042
0.295347
0.629241
1.5258
2.17384
0.0141323
0.796785
1.02644
0.948007
-0.305435
0.00117393
-0.748533
-0.622427
0.465133
-0.89913
-0.347137
0.107324
-0.929884
-0.773212
0.374011
1.18252
0.922551
0.285834
-0.478415
0.830714
-0.20786
-2.13224
-0.777394
2.61178
-1.06731
-1.9248
-0.940038
0.409083
0.52035
0.229284
-0.897971
-1.93212
-0.295254
0.936116
0.273838
0.491997
0.190419
0.43081
0.776978
0.80185
2.95209
0.604774
0.865154
-0.222596
-0.997618
1.24718
1.77306
-0.433347
0.629182
-0.495091
-1.2945
-0.728035
0.693125
1.41942
-1.39129
0.19558
2.94079
0.399148
-0.766223
0.120694
1.40227
0.149616
-1.62996
0.388226
-0.674192
-1.35278
-1.74485
0.962508
0.529459
-0.532188
0.976519
0.816431
-1.66499
-0.177705
-0.886534
-0.0170963
-1.44188
1.00964
-0.407785
0.688182
0.0920469
-0.468181
-0.577955
-0.897857
-0.275478
0.704775
-0.246618
0.30493
-2.25664
1.71872
-0.507243
0.77793
-1.28314
-0.162562
-1.12821
0.952264
-1.51504
0.140765
-0.308697
0.168328
0.761104
0.669009
0.769375
-0.987985
-2.48583
-1.30164
0.598268
0.760797
-1.2624
0.90485
1.12624
-0.611858
1.12712
0.408016
-0.800382
0.646953
-0.00685983
1.38092
0.923243
-0.467439
0.622515
-0.27939
0.998926
1.17176
0.411662
-1.79155
1.36018
-1.29344
-0.897022
0.650873
1.24159
-0.17993
-1.20855
-0.6855
-1.63013
0.377524
0.976208
-1.30349
0.0913156
-0.5126
0.337417
1.23283
-1.56365
0.805932
1.54431
1.61575
1.98829
0.0514501
1.06061
-0.0822424
-0.0695736
0.424375
0.0354069
-0.909463
0.452197
-0.201017
-3.09003
0.453688
1.93271
-0.625697
0.552046
-0.60134
0.563242
0.434878
-1.85964
-0.347978
0.761607
-0.537764
-1.36028
1.03089
-0.706764
0.758701
-0.0539313
1.04007
-1.92775
-1.03025
-1.15479
-0.0536327
-1.20294
0.730212
0.547747
0.0868952
0.92974
-0.413366
0.207838
1.14803
-2.28497
1.40634
1.7465
-1.50211
0.926561
-0.773642
0.75894
-0.6157
-0.0784591
-0.204714
-0.826578
0.592196
1.32163
-0.0615066
-2.0261
0.0183552
-0.11656
0.208944
-0.333493
-1.30437
-1.55417
1.36952
-1.47154
-1.58727
-1.34567
-0.380969
-0.497673
0.295464
0.147803
0.629007
-0.314477
0.142696
-0.685844
-0.425869
0.485651
0.800597
-0.157061
-0.61379
-2.98623
0.853233
0.16374
-0.430272
-0.927591
-1.124
-1.06059
-0.712538
0.0299971
-1.85925
-0.359475
-0.531072
-0.482906
-0.979696
0.0101771
0.589572
0.132067
-1.41554
0.640881
0.043029
-0.30524
2.27756
-0.719985
-0.330596
-0.77151
-0.367735
0.740093
0.588135
-1.40308
0.6731
0.0592845
0.154052
0.0805576
0.662678
-1.34516
0.565878
-0.450503
-0.29429
0.0772686
-1.64985
0.260376
-0.445645
-0.168854
-0.231831
-0.947009
-0.814995
-0.495216
-0.492768
2.93095
-1.20987
-1.25915
0.0647866
-0.694955
1.93231
0.94867
-0.783013
-0.0307353
-0.569839
1.27285
0.0535174
-0.255317
-0.307657
-0.319467
-0.863123
0.10156
-0.773772
1.68439
0.404922
-0.218098
-1.07436
-0.393581
0.676967
-0.630049
-1.47744
0.149596
0.354567
-0.107161
1.99022
-1.01698
1.05044
0.730553
-0.567444
0.175611
-0.128836
0.586018
-1.27572
-0.105689
0.516203
-1.55529
1.29283
-0.713609
-0.306535
1.25861
-1.15412
-0.512347
-2.61038
-0.191698
-1.05512
2.04884
2.3335
0.800575
1.29271
-0.509753
-1.73711
0.404433
0.965362
-1.60006
0.373386
-0.211341
-0.202205
1.3477
-1.46216
1.39395
0.677063
0.277444
-1.04066
0.725706
1.5331
0.485974
0.177846
0.704001
1.19686
-0.499141
-0.179229
1.41331
0.566481
0.816917
-1.57842
-0.510266
0.242877
-0.595192
1.67142
0.327216
-0.399739
-1.01706
-0.361792
-1.12406
0.340899
-1.45739
-1.00111
1.21306
0.146285
1.55302
0.487285
1.80127
1.50195
0.859562
-0.723182
0.732563
-1.35409
-0.0469435
-0.772281
-1.50975
-1.67217
-0.870205
-0.880803
-0.337781
-1.70638
0.795707
0.161918
-1.78067
0.782376
-1.32603
-2.38258
1.6091
-0.675765
0.512046
-0.997474
-1.0135
0.136857
0.50488
-1.13368
0.25074
-1.15005
1.78952
0.976559
-0.597155
0.393348
-1.14485
-2.26427
0.612058
0.314254
0.479289
1.11508
1.37569
0.144843
-1.75448
1.05418
-0.612986
0.429113
-0.888932
0.329933
1.17784
-0.785007
0.4659
-0.620446
0.169899
0.126092
-0.31334
-0.342919
0.315232
0.664913
0.789878
-0.120579
-0.58873
-0.0276586
-0.536857
0.458551
0.246454
-1.90299
0.554224
-0.709245
-0.271647
-0.146036
-0.675331
-1.44928
0.626255
-0.384235
2.30964
-0.118351
-0.170173
-1.90838
0.94943
-0.021014
0.263951
-1.93567
-0.34915
-2.39964
0.877053
0.37382
-1.08417
-0.695726
-0.346346
-1.5188
-0.677719
-0.0903713
0.151512
-0.494796
-1.01505
1.90073
1.31553
0.779231
-1.79251
-1.2582
0.957533
0.948821
-0.0965772
-0.71743
-1.90972
0.143094
-0.915174
-1.72729
1.14097
-0.427522
-2.97438
-1.00739
-0.620656
-1.75586
1.08881
-0.299204
1.78998
-0.0138542
-2.50398
-0.260339
-0.0427585
-0.701598
-0.201068
0.116851
1.10029
-0.474297
0.769583
2.06504
0.567164
-0.865585
-0.4491
1.01702
-1.01284
-0.172346
-0.541087
-0.409708
-0.338753
0.950763
0.332881
-0.0323256
3.49
-0.17842
0.0302034
0.818946
-1.40733
-0.210577
-0.366713
1.57398
1.44662
-2.22288
0.0151286
0.0555996
0.0215389
0.692349
2.09512
-0.886382
0.0510421
-0.661651
-0.634551
-0.895031
-0.265517
0.486134
2.03851
-0.817101
0.333332
-0.155653
0.753909
-0.27011
-0.549908
-0.228676
-0.184994
-0.612652
-0.378422
-1.00922
1.70027
-0.168797
-0.572653
0.989506
0.305908
-1.28628
-0.270006
0.345101
0.231903
1.25734
1.56475
-0.763228
0.319262
-0.730936
1.64984
-1.56643
1.25445
0.406961
-0.76178
-0.33874
-1.39153
-0.701863
0.468959
0.223939
-0.368624
1.21838
-0.226041
-0.779355
-0.901268
-1.44048
1.18436
-1.49665
-0.648738
0.990714
2.00072
-0.0965369
0.0685218
-0.0412063
0.293647
1.46369
-0.438269
-0.0233541
2.22803
-0.0236816
1.49335
0.726356
1.32339
-0.406024
-1.64075
-1.95425
-0.437743
-0.66258
0.715959
-1.14154
1.91382
0.737801
-2.06833
1.35562
0.66353
0.650002
0.307938
0.515006
-0.552606
1.43014
-0.245324
-0.834431
0.339268
-0.774457
-0.858045
0.0806303
-0.919311
1.37998
-0.250865
1.57038
-1.54353
-0.449278
0.14683
-1.15688
0.338679
0.425318
-0.636508
0.145624
-0.524412
0.544548
-0.32898
-0.102044
1.32153
0.833825
0.0024781
-0.529366
1.18579
-0.000988462
-0.585993
1.98739
1.17359
-0.632321
0.39954
-0.449862
-1.4043
1.60164
1.12781
-0.947067
-0.684509
-0.076251
-0.152306
-1.83292
1.43465
-0.060407
-1.38333
1.85251
-0.144636
1.18076
0.08531
-0.578414
-1.74125
-0.947164
-0.918495
1.61193
1.18568
-0.0994057
0.108259
-1.00601
0.58294
-2.64288
0.883157
-1.54242
-0.403108
1.68668
-0.25795
0.432923
0.272173
0.686044
2.67727
0.756635
0.703857
0.351978
1.40769
0.106177
-0.978835
-0.253223
-1.4181
0.253052
-0.725471
1.03399
0.769648
0.811798
-0.6218
0.107971
-1.7799
0.942017
0.651167
0.269244
0.331099
1.36521
0.439857
-0.0427809
-2.4007
0.347137
-0.395362
-1.4088
-0.306575
0.861439
-1.48003
-0.639881
0.874077
0.568192
0.291863
0.138039
-0.366698
1.33087
-0.913482
0.548021
0.272799
-0.781424
1.52256
-0.994027
1.19315
1.13834
0.422544
-0.544854
-0.176012
0.103525
-1.15504
1.18437
-0.24933
2.38511
-1.13024
0.305158
-0.796714
-1.62218
1.74098
0.89262
0.0922347
-0.348115
-1.33672
-1.99246
0.6982
1.71787
2.27476
-0.051791
-2.15402
0.121015
-1.75712
-1.58038
0.836306
-2.17295
-1.18607
-0.375506
-0.950107
-1.11095
-0.051655
1.65172
-0.360116
0.670536
-0.515581
-0.714384
-0.999023
-0.803311
-1.09096
-0.16472
-1.72127
0.16372
1.44793
-0.20424
0.175698
-0.478308
0.0875407
-0.870035
0.552702
-1.70548
0.503271
-0.0701487
0.326185
1.68391
0.751829
0.508712
0.24058
0.0548017
2.00561
-0.97937
-0.545519
-0.0156791
-0.776489
0.205006
2.33159
-1.00654
0.139751
-1.499
-1.69755
-0.491388
-1.33438
0.149937
0.0961211
-0.64982
0.503259
0.972234
1.43277
-0.383026
0.251352
0.868562
2.51786
1.26854
1.19665
1.62708
1.75131
-0.929344
0.526655
0.693788
0.328839
0.402825
-0.185842
-0.0966968
0.818639
-1.2122
0.469485
1.11278
-0.18711
-1.02629
-0.698816
-2.21622
1.69228
-1.61705
0.765752
0.303806
-0.225203
-0.255871
0.0077882
-1.97046
-1.33497
0.880273
0.908827
-2.55853
-1.00603
0.546351
0.690126
-0.0442268
0.886849
-1.615
-1.25708
-1.18613
2.01695
-0.7297
-0.623669
-0.063484
1.24479
-0.915508
1.16384
-1.39717
-0.993476
-0.752771
-0.26425
1.16338
-1.52713
-0.176784
-0.764637
0.684142
1.49195
0.184581
-1.20736
1.67463
-2.60551
0.699503
-0.101339
-0.379238
-0.862194
-0.408788
1.95978
1.76432
0.964716
-0.995397
0.408378
-0.578743
-0.373369
0.526345
1.66376
2.00609
-0.795971
-0.133429
-0.428123
0.308969
-0.140003
-0.655336
0.874527
2.47832
-0.0605623
-0.448794
-0.00492106
-0.0137883
0.766694
-0.204211
0.984958
-0.11468
-0.629827
-0.0999559
-0.649394
-0.529225
-0.749003
0.47246
-0.401162
0.630433
0.0378301
-1.25343
0.302362
-0.308387
1.47322
-0.183651
0.0900409
0.584903
0.0949003
1.11052
-0.410803
-0.534222
1.46936
0.238374
-0.0367182
0.860341
1.18586
-0.0783785
2.07714
-1.67948
1.146
-1.27274
-0.690276
-2.46466
-0.881753
-0.661418
-0.213223
0.0691766
0.654116
-0.894142
-1.59806
1.45943
-0.623127
0.158975
1.33008
0.0570533
0.50819
0.556531
0.524903
-0.39385
0.385419
-0.164448
1.96149
-0.867163
-0.843087
0.155595
0.926311
1.51829
-0.0363887
-0.108008
-1.93893
1.12219
1.4468
-0.331774
0.205243
-1.17743
1.37695
1.81357
0.204029
-1.70099
-1.50986
0.837803
-0.774217
1.39021
-0.888122
0.168547
0.227854
-0.644256
-0.334038
0.34654
-0.226277
1.10607
-0.584414
0.0033195
0.651917
0.48097
-1.80873
0.0681593
-0.397104
-0.283666
0.750444
1.35528
-0.965532
0.863942
-0.29558
0.984618
0.217449
0.0549285
0.84751
-0.802773
-1.84531
-0.0035556
-1.0546
0.150125
0.309089
0.505929
1.14508
-1.11932
-0.0714559
-0.939176
-0.20343
0.137498
0.0535574
-1.55984
0.194833
-1.52404
0.629064
1.04613
0.258214
-0.0504361
-0.601251
0.262084
1.41934
1.45853
-0.385761
3.16958
-1.85147
-1.0032
-0.837975
-0.289226
0.302748
1.71163
-0.687895
-1.90999
0.982936
-0.261824
0.557999
0.0453792
-1.33707
0.368235
-2.36864
0.400181
-1.4605
-0.49459
-0.128717
-0.0299137
0.512052
-0.100072
1.94211
0.0233957
1.4423
-1.41433
-1.00557
-0.680545
-0.165101
0.417227
-0.411599
-0.51565
1.23205
0.40658
-1.31509
0.190826
-0.785166
-0.960794
1.46942
-0.14122
-1.2224
-1.05955
-0.0101943
2.04893
-0.202619
0.643192
0.313557
-0.425712
-0.588045
-0.169032
-1.43881
0.238404
0.818057
-0.340122
0.658552
-1.03624
0.787304
-0.210228
-1.74439
-1.71255
-0.845318
-0.398345
-0.204511
-0.0774699
-1.82648
0.0277084
-0.176975
0.235916
-1.01876
-0.192592
0.0827391
-1.16555
1.03127
-0.910771
0.168971
0.566514
0.67139
-0.616945
0.605387
-1.09789
-1.46957
0.736157
1.49181
1.39389
0.85371
0.755702
-1.98964
-1.91704
0.26984
0.36325
-0.319214
1.72948
-1.42833
0.942965
-0.985246
0.36768
-0.0541058
-0.899927
0.940122
-0.0241144
-0.539139
0.00809628
1.11571
0.240692
-1.24254
-0.540767
0.0460468
-1.16173
0.317938
0.992093
-1.40027
1.45695
0.077955
0.791491
-1.22752
-2.05981
1.50511
-0.347887
1.3324
-1.08829
0.832787
-0.206797
1.30329
0.493444
1.19494
0.243842
-0.919832
0.952138
-0.820718
-0.484181
-0.917992
-0.653524
0.289135
-0.568654
2.72818
-0.710211
2.38286
-1.09576
1.18332
-1.12303
-3.02406
-0.0837328
-0.574089
-0.880338
0.531428
1.42022
2.64555
-0.146808
0.154493
-0.040708
0.463665
0.65686
0.692917
-1.65878
0.348295
-1.44556
0.901306
-1.53717
0.382824
-1.0175
1.32181
-1.58035
-0.162662
0.201
-1.04218
-1.01996
2.5022
1.03534
-0.157314
-1.05755
-0.920277
-0.744761
0.627342
0.18581
-0.259859
0.185867
1.0799
0.442163
-1.78188
0.579675
-2.29537
-0.24853
-0.848224
1.60131
0.698273
-0.955412
0.083758
0.323195
1.04193
-0.972927
0.494187
1.41531
-0.155071
-0.77788
-2.25758
-0.738591
0.0596772
0.72034
-0.24661
1.66861
-0.448091
-0.592915
-0.701967
-0.356747
0.809539
-0.910384
-2.9505
0.884512
-0.18281
0.956374
-0.340701
1.12761
-1.3395
0.224433
-0.842038
0.994796
1.61098
0.114988
1.43803
0.988501
1.16358
-0.974416
0.463475
1.22898
-0.687013
-0.538285
0.461619
0.344827
0.340801
0.620045
1.60281
0.267377
1.77204
0.156917
0.287868
-0.60949
-1.71459
0.591904
0.572749
-0.752206
0.440565
1.70618
-0.834195
-0.150164
-0.378744
0.478627
1.1476
-1.20162
-0.245053
-0.523571
-0.589149
-1.46745
1.57958
-0.18929
0.680105
-0.533436
0.679809
1.02641
-0.921024
-0.44344
-2.54584
-0.978627
0.607706
1.06363
0.998465
0.360519
-0.884904
-0.22711
-0.415333
-1.67218
1.63551
-1.56828
0.24534
1.51707
0.359385
-0.931478
1.00277
0.368482
-1.38802
0.799891
1.20377
-1.44364
0.760307
0.328248
-0.568994
0.00364777
-0.339499
-0.540902
-0.892758
0.0976205
1.6339
-0.704305
-0.603347
-0.239108
1.30885
-1.43248
-0.1936
0.0330267
-0.857772
1.08229
1.5172
-0.0286688
-0.166005
-0.440911
-1.33352
0.728219
0.375823
-0.96127
-0.417472
0.807661
0.111297
-1.19152
-3.16105
0.648402
-1.47825
0.366501
2.20022
1.84319
-0.721192
0.364261
-0.0869752
-0.250065
0.548276
0.491644
-0.766276
-0.984408
0.372874
-0.491292
-1.91158
0.448171
0.00999591
0.740935
0.102327
-2.00121
1.08657
-0.0147378
1.20687
-1.26531
-0.168013
-0.150416
-0.342791
-2.1372
-2.53135
0.166195
0.0315598
-1.07335
-0.095456
-1.13761
0.451319
0.700195
-0.126062
-0.268544
0.0550906
0.976747
-0.0677364
1.98933
1.52597
0.129246
-0.0339528
0.591849
0.494203
-0.586849
-0.749271
-1.09954
-0.15314
-0.462138
-1.36574
1.25372
0.306533
0.146191
0.882083
1.15558
1.03227
0.844277
-1.45751
-0.383545
0.491883
0.040348
-0.692422
0.194581
1.13322
1.13451
1.63378
-0.918946
1.29766
0.63597
0.128758
2.08916
-0.309125
0.351176
0.351417
1.65673
-0.836833
0.877268
-0.0430081
-1.08257
-1.07614
0.675096
1.22438
0.269889
-1.64876
-0.09349
-0.0103716
0.234879
-0.348849
0.00529075
1.33626
-1.63025
-0.920365
0.106004
0.287036
0.290327
-0.288024
-1.16885
-0.787214
0.436945
-3.4204
-0.432831
-0.0101824
1.00496
0.149048
0.000719552
0.336239
-0.324265
2.14525
0.690338
-0.898566
-0.695354
-1.1528
-0.0954
-0.178723
-1.01388
-0.0712232
0.200723
-0.295119
0.825455
0.605345
0.780789
1.38005
-0.562664
-0.23532
0.0954499
-1.14767
0.0770118
0.906014
-0.407662
1.13343
0.239475
-1.13801
1.42206
-0.0316071
0.0735336
0.381784
0.966209
0.588399
1.04272
0.936885
-0.316002
-0.498264
1.11036
-0.717973
-0.0126803
2.13525
2.2301
-0.167759
-0.896455
-0.0202906
0.366424
-0.370681
-0.952007
-1.03654
-0.328832
-2.0364
-1.98908
-1.04357
1.08492
1.35293
-1.64006
0.332423
1.71157
2.07995
1.03198
1.2823
0.0780123
-0.315754
1.75723
-0.390597
1.0856
-0.929667
0.586735
0.238054
0.919107
0.158607
0.382097
1.59773
-1.37329
-0.161369
0.187465
-1.24896
0.327964
-0.653394
1.42351
0.412177
-1.90396
-0.114743
-0.45311
1.97002
-1.46032
-1.01839
-1.34208
-2.30511
0.24239
0.239123
0.145664
-0.0687506
-0.106925
0.627765
0.29038
0.25301
-0.475246
-2.01992
0.621512
-0.548741
0.875988
0.737465
0.747962
0.30698
-0.175826
0.216036
0.660259
-1.34618
-0.417042
-0.467188
0.102537
-0.506593
-1.56375
-0.504493
-1.0122
-1.03544
0.618744
0.153761
-1.08485
0.337897
-0.553523
-2.92331
-1.03363
-1.25214
1.02231
-1.58225
0.479945
0.621736
-1.62814
-0.276459
2.90259
0.992703
-0.977245
-1.06833
-0.351032
0.516374
0.597701
-0.539353
-0.803182
-0.485627
0.504348
-1.14727
0.666501
0.788858
-0.82755
0.174078
-0.358445
0.302171
0.42774
0.0537012
0.139759
0.428281
0.799741
-1.32793
0.144362
-0.210746
0.0862585
0.186315
0.120863
1.55326
-0.883058
0.0246202
-0.617416
-0.322664
0.430634
-0.312935
0.236698
-1.08144
0.667972
0.792331
0.989934
-2.55004
1.22688
-1.20198
1.26235
-0.817897
-0.975557
1.59685
0.601558
-0.291968
0.20652
-0.304171
-0.442024
0.974536
-0.771651
0.744665
1.59457
1.42521
-0.629022
0.0844176
-0.726141
1.80516
-0.173895
-0.884479
-2.24436
-0.669246
1.03378
-1.43847
1.02709
0.483625
-0.069818
1.07736
-0.408171
-0.73653
0.400616
2.11556
-1.27115
-0.226399
0.45998
0.22624
-1.35431
0.0279631
1.16835
2.47104
0.244826
-0.031549
1.19338
0.676784
0.307983
-0.707449
-0.433198
0.33899
-0.893657
0.57959
0.316126
0.461424
1.30604
-0.267737
-0.625861
0.954221
-1.68172
-0.520408
-2.24071
1.13897
0.250557
-0.772734
1.29152
0.729134
1.69291
0.96649
-0.359642
-0.962301
-0.390521
0.992387
-1.1762
0.790243
1.39187
-1.11037
0.481166
0.0994757
-1.14037
-1.64693
-1.03618
0.314294
0.886445
-0.120042
1.66223
1.43227
0.525371
-0.575251
-1.18799
0.849992
0.576776
-0.229854
1.11695
0.048798
0.347549
0.759577
1.63429
0.0530566
-0.296611
-1.27238
1.59602
1.89402
-1.18069
-1.80063
-1.68405
1.40212
-0.497905
-0.060943
-1.0381
-0.704644
0.26173
0.931014
0.691929
-0.426352
-0.549738
0.427764
0.760989
0.797482
1.15751
-0.702338
-1.19145
0.199291
-1.24854
-0.586259
-0.253911
0.0896817
-1.84519
-0.165944
0.221619
-1.02592
0.820532
-0.365567
-0.0303101
-0.878959
0.296491
-0.521532
1.40349
-0.0277224
2.69895
0.651213
0.799466
-0.535166
-0.968957
0.41722
0.675088
-0.0886961
0.0351204
-1.93951
-0.1276
1.05572
0.0867726
-1.49854
0.363259
-0.493865
-0.648985
-1.68727
-0.351733
-0.521399
1.21888
-1.41979
-0.841624
2.18841
-0.0827804
-1.61873
0.208664
2.50124
0.238015
0.152506
0.452264
0.574489
-0.915485
0.44005
-0.409303
-0.991384
0.287065
-0.574922
-2.00423
-0.11651
0.0335813
0.363385
-0.3655
2.39349
-0.530592
0.767246
0.00737037
0.615796
-0.560532
-0.595034
2.24999
0.559752
0.55462
0.386815
0.357013
-1.09588
-0.207579
0.642763
-2.36877
-0.88476
-0.341186
0.721435
-1.33164
-1.01472
-0.332955
0.00626436
-0.0288151
0.143536
-0.563843
-0.214317
-0.478516
0.280429
-1.06694
-0.208915
-0.455899
1.09227
1.49279
0.361629
-0.702671
-0.369214
1.26208
-0.948206
-1.58501
-0.0531323
-1.6817
1.16354
-0.32394
-2.03824
-0.113059
-0.186761
1.31566
-0.702138
1.15597
0.464524
-1.1824
-2.26924
-0.365187
-0.446796
-1.29962
1.68844
1.05744
-0.316678
0.485343
-0.848227
-0.310227
-0.640648
1.28874
1.40259
0.608504
0.38998
-0.229219
-0.415029
-2.08624
1.27524
-1.02721
0.419112
0.218208
-0.168802
-0.185103
-0.493387
0.683515
0.272661
0.294956
-0.0505156
0.484116
-0.270517
0.404771
1.41962
0.853458
-1.3662
0.516829
0.587173
0.905662
-0.517695
-0.0437286
-0.26816
0.319444
-0.579528
0.696253
0.167045
0.275442
-0.475359
1.35244
-1.50847
0.726115
-0.39091
-0.276314
-1.17386
-2.03071
0.576839
0.545058
-0.521304
-0.559861
0.46024
-0.599835
0.449841
-0.402076
-0.244034
0.745034
0.507706
-3.05546
-0.604147
0.732806
0.408529
2.02053
-0.435912
0.0767283
-1.00869
0.349056
1.16307
0.891317
-0.217811
-0.321113
0.269004
-0.336648
0.188368
2.43989
-0.551286
0.00504202
-0.384937
0.124243
-1.38346
0.144026
0.227673
1.32089
1.04227
0.992423
-1.20298
0.465917
-1.44828
-0.0921566
-0.470349
0.0589723
0.194089
-0.696449
-1.78717
-0.905001
-0.366107
0.113797
-0.232959
1.97879
0.280421
-0.288059
0.363331
-0.597964
0.306908
1.10237
0.749813
1.2595
0.0247703
0.108945
-2.59832
-0.129425
-2.03036
-0.268384
1.44127
1.69969
1.21262
-1.3904
-0.415985
-1.35333
0.0740662
-0.131462
-1.27361
1.02386
-1.16339
0.697708
-0.581071
0.128
0.465445
-0.432088
0.510947
0.00291202
0.852027
-0.729699
-0.107183
-0.492852
-0.450513
-0.556009
-0.314918
1.29611
-0.662546
-1.71858
-1.04106
-0.542506
-2.52531
-0.522492
-0.196325
1.04901
-0.827162
-0.487158
-0.0537194
0.501541
-2.17741
-0.886749
0.299542
1.18793
0.0452581
-1.5757
0.267735
2.76374
-0.738068
-0.062989
0.978751
-1.01819
0.491427
-0.645805
0.203371
0.135048
-0.596476
2.35781
1.03657
-1.0284
-0.395444
0.847411
-0.0110397
0.797205
1.16817
0.0375198
2.64698
1.8761
0.3783
-1.09267
1.15037
-0.302524
1.55732
-1.04564
-2.13871
-1.17215
0.124008
0.134297
0.0168145
1.60856
-0.20633
-0.408383
-0.4103
0.311756
0.109874
1.57541
1.47592
-0.944981
1.13993
-0.291001
0.588589
-1.60433
0.671934
0.652909
-0.878716
0.535047
-1.62015
1.69186
-0.412239
1.13062
-0.633099
0.859822
-1.0353
-0.973351
2.88664
1.7183
-0.827827
-2.2249
-1.4776
0.208338
0.338967
0.435551
-1.27188
0.474265
-0.716909
0.173583
0.563318
-0.490511
0.437897
1.90216
0.241303
-1.33793
-0.879821
-0.222454
1.77115
-0.697604
-0.173523
1.66515
0.0415872
-2.67705
-1.94701
0.206002
0.577009
0.308438
0.177615
0.873152
0.866255
-0.0379435
-0.0726336
0.540751
-0.504763
-1.27431
0.895399
0.62923
1.1572
0.581689
-0.0687353
-1.37774
2.04651
1.74179
0.993175
0.032691
1.21439
-0.110846
1.62652
-0.257717
-1.20742
-0.137211
-0.639027
1.38504
0.406117
0.384967
0.385111
-0.901664
-0.0830391
-0.729034
1.87633
0.388703
0.820553
2.22129
0.271402
-2.80837
-0.0663873
-1.04391
-0.291716
0.356709
0.673588
-1.68457
1.44682
1.2156
-1.45461
-0.0133377
1.32776
0.478079
-0.5506
-1.48127
-1.95165
-0.0157705
0.227362
0.051896
-1.24409
1.00511
1.09954
-1.29886
0.320491
1.51248
-1.74846
0.650775
-0.497496
-0.315462
-0.756285
-0.00836708
-1.25224
-0.807947
0.986724
-2.30393
-0.35096
-2.00509
1.32407
-0.76829
-1.03275
0.0573881
-1.22534
-2.11299
-2.15469
-1.50399
-0.853917
0.68569
-0.21044
0.198873
0.782883
-1.15791
-0.0780739
-2.13237
-0.620743
1.4251
-1.77592
1.67936
-0.777426
-0.723904
1.45637
1.42969
-0.45809
-0.139553
0.850181
0.0458766
1.14975
-1.3992
-1.76409
0.171791
1.67182
1.03525
-1.61879
0.80915
-1.05468
-0.337897
-0.00973937
0.625488
0.944003
0.134736
1.57994
-0.71512
-1.16335
1.3565
-0.370084
0.174162
0.047135
0.923109
0.606914
0.766463
-0.0869198
-1.33884
-0.868588
0.593659
0.21496
-0.32418
-0.356642
0.843174
-0.852493
1.52366
-2.07339
0.021188
-1.6667
0.983229
-1.88738
0.18746
-0.75276
-0.515408
1.29936
-0.0117433
-0.60572
-0.658709
-0.373555
-0.49765
0.971533
-0.702005
-0.0561422
0.435007
1.28794
-2.33746
-0.586744
0.41788
0.776102
1.37156
-0.873856
0.655817
-0.215663
0.504775
-0.390979
-0.00568195
0.402808
-1.30912
0.0343386
-0.408042
-3.55213
0.269065
1.37055
0.466389
-1.47776
0.781014
-0.427383
2.12694
-0.659265
0.930184
-0.427945
0.975915
-1.08458
0.912611
1.12188
-0.741399
-0.062852
-1.34647
1.03328
-0.356067
0.392879
