-1.04388
-0.894319
0.140337
0.37448
2.34978
0.144031
0.453834
0.500347
-0.960108
-1.29498
1.669
2.45268
-1.68897
-3.17642
0.353176
2.03059
1.4229
0.816728
1.2767
-0.017544
1.22608
-0.962514
-2.036
0.075286
0.33143
0.427108
1.61438
0.7274
-0.182113
-0.995894
0.724261
1.35644
-0.665623
0.969333
1.28357
-0.64418
0.639215
0.462357
-0.737582
1.06059
-0.192766
-0.365099
0.586006
0.674338
1.0267
0.323516
-1.12169
1.64577
-0.594455
-0.0691413
-0.606066
1.90069
0.0428509
0.345915
0.726095
0.392259
0.0800946
0.287683
0.524635
-1.44888
0.92779
-0.0922082
1.53346
-0.522077
-0.00788104
0.359415
0.877297
-0.742228
0.638379
2.3907
-0.160077
-0.618661
-0.186909
0.252391
0.0241917
0.617486
-0.428981
0.925117
-1.74957
-0.362173
-1.05695
1.56131
0.242841
0.111632
0.43012
1.03789
-0.843505
-1.98604
-0.85397
0.467731
-0.957617
-2.15068
-0.746097
-1.09354
0.862202
0.534045
0.301914
0.900046
0.966384
0.295009
-0.983061
-0.222385
0.417894
1.27184
1.50337
-0.46463
-0.382417
-1.90086
-0.401486
-0.712604
0.853726
0.633278
0.517465
0.768868
0.197976
0.40741
-0.0256373
0.642134
-0.587122
-0.612251
1.19211
-0.397899
-0.496666
-1.00666
-1.03059
-0.00558248
-0.441421
0.219866
0.974262
0.760159
1.56923
-0.670837
1.69171
-0.569047
-0.441571
1.20823
-0.608008
0.664146
-0.265986
-1.28549
0.511605
0.687823
1.1999
-0.723228
2.27903
2.00297
0.797288
0.881816
-0.642664
-0.508598
-0.320177
-0.381906
0.862963
2.4909
-0.758441
0.566915
0.592168
0.204674
-1.50893
0.0246195
0.228655
-0.561344
0.209822
0.551396
0.5609
0.036941
2.36606
1.52883
-0.124982
-0.364127
1.36546
-0.598434
-0.229497
0.786149
0.617118
0.199996
-0.367026
0.276994
-0.876736
-1.14786
-0.109811
0.290856
-0.248646
-1.1075
-0.0169808
-0.278196
-0.152996
0.760441
-2.00858
-0.285823
-1.27308
0.105768
0.6282
-0.185218
1.03781
0.402458
-1.16857
0.0914856
0.21149
1.96203
-1.60716
-0.229728
-0.548137
-0.56299
0.0988201
-0.184161
-1.51508
0.0184183
0.426523
0.435848
0.896145
0.429839
0.452869
-0.399342
-0.4159
0.366727
1.23184
0.173838
-1.24778
1.88522
-1.64192
0.503436
0.135035
0.0222648
-0.267517
-0.464047
0.492437
-0.94535
-1.50432
-0.490511
0.470283
0.337586
1.10406
-0.183646
0.792588
-0.566226
1.58759
-0.435641
-0.716103
2.00911
2.33936
1.24482
0.185834
1.4246
-1.84734
-0.233118
0.166507
-0.250769
0.418585
-1.47499
1.44995
0.654571
-0.20968
-0.330868
-0.5071
0.125828
0.812034
0.798179
0.395147
1.18825
0.292103
0.246855
-0.598816
-1.26003
-1.25183
-0.263068
-0.450073
0.155366
-0.621318
0.507276
0.394684
0.398176
-0.534292
1.27123
0.266819
-0.0173149
0.510822
1.48594
1.37637
1.09298
-1.90115
0.723025
1.10937
-0.778365
0.520426
1.19484
1.4305
-0.89232
-0.420918
0.236846
0.413669
2.06783
-0.508066
-1.36508
-0.118074
0.254823
-0.832267
-0.600836
-1.03509
-0.29208
0.0161699
-0.614416
0.137877
-0.455789
-0.285656
-0.24512
1.62692
0.249661
-1.76718
1.05561
-1.23304
-0.556194
0.75215
-1.01916
-0.804383
1.14975
0.389222
-2.05093
0.285517
-0.350387
-0.589615
-1.33436
-0.530547
-1.61057
0.706073
0.397465
1.79926
-0.0780725
-0.631236
-0.179762
-0.416757
0.327774
-2.17852
-0.10017
0.0876204
-0.81144
-0.540751
-0.239545
-0.555675
0.544043
-1.01263
-0.201718
0.624998
-0.0449581
-1.46052
-0.194446
1.30697
0.510067
0.470254
1.05331
0.0538291
1.52209
0.480067
2.41886
0.190978
-0.138948
-0.18787
-1.39867
-0.248257
-0.439784
0.743555
1.08633
-0.700338
-1.00365
0.608967
-0.656154
-1.01844
1.38143
-0.92027
-0.219712
-2.54105
0.612247
-0.40032
0.0885523
-0.235382
-1.79572
0.714842
-1.33871
-0.0103186
-1.37039
0.873207
0.677616
-0.339563
0.310473
0.0962134
0.702454
0.377694
0.21332
-0.449461
-1.9868
0.361279
0.0191991
-0.459695
0.758954
-0.603971
0.292587
1.33633
-0.778942
-0.373581
-0.0502231
-1.35252
1.44049
0.418582
-0.0898582
-0.126034
0.128036
-0.366963
0.000803401
-0.785923
1.01944
-0.816266
-0.526985
-0.370614
0.110061
0.742398
0.358608
0.570171
0.702557
-0.0929989
-0.740534
-0.714304
0.488042
0.656167
0.221504
0.148471
0.656841
0.153504
-1.16669
-0.212172
0.569932
-0.91489
-0.98149
-0.227834
2.64518
-1.45317
-0.69448
-1.5862
-1.01245
-0.392983
-0.273014
-0.337097
-0.2082
-0.698388
-1.25048
0.703004
1.97303
-1.65242
-1.51316
-0.670833
0.721757
0.907855
-1.44908
0.723268
0.0950744
-0.430428
0.126618
-0.618932
-0.415225
-0.263769
-0.600619
-0.742958
-0.262429
-0.260715
0.617849
-0.305865
-0.060184
0.404234
1.84303
0.152219
-0.980123
2.79268
1.095
-0.227975
-0.138397
-0.966086
0.363127
0.580004
0.833237
-0.392227
-0.756855
0.438064
-0.308544
1.9118
-0.485418
1.63929
-1.22874
-0.705465
-1.28124
-0.43622
0.0550083
-0.280256
-0.356546
1.95882
2.11223
1.4935
1.45426
0.565675
0.45437
-1.81325
0.606394
0.814648
-0.484613
0.399685
-2.05788
0.464725
-1.41864
2.3313
0.84453
-1.08464
0.573129
-0.731604
0.176126
-0.237842
-0.334094
-1.10918
1.49323
-1.1791
1.84562
0.237955
-0.0262035
-0.403764
-0.251357
0.108074
1.20191
1.6903
0.495984
-0.491033
0.640826
0.960122
0.0763012
-0.304552
0.53165
0.731586
-0.442801
-0.119718
0.16107
-0.238995
-1.01484
-0.942178
-1.82544
1.08561
2.38792
-1.3388
-0.190787
0.378736
1.35676
-0.0471225
0.449542
-0.388534
-0.793964
0.745553
-0.266554
-0.793714
0.754564
0.396471
-1.12904
-1.80464
2.02893
-0.689159
-2.06256
-0.200412
0.336364
0.430136
-0.493418
0.766578
0.235088
0.314462
-0.725717
-0.87499
0.379494
1.56572
1.745
0.609868
0.609272
0.426136
-1.1426
0.499841
-1.56011
-0.168088
0.929012
0.269341
-0.0963864
-0.339706
-0.754125
1.1196
-1.19378
-0.0970938
0.218483
1.78494
-0.836241
0.0552552
-0.566568
-0.349973
-1.59209
1.17681
-1.55273
0.702008
2.97255
1.25159
0.295842
-0.328424
0.155948
0.28
1.94729
0.916308
-2.46654
-2.98759
-1.12076
0.516552
-1.0805
-1.5404
-0.450477
-1.03185
0.62339
-0.511811
0.798251
-0.355427
-0.626742
-0.219231
-0.311183
0.758425
-0.39701
-0.752309
0.0375578
0.442037
-0.536223
1.90991
1.34512
-0.109532
2.11532
-1.36333
-1.27837
0.502264
0.148448
-0.272979
0.154978
0.293228
1.00118
1.14881
0.265251
0.187313
-0.0133096
1.20073
-1.07524
-0.308647
0.818792
0.745962
-1.85994
-0.841157
0.176538
1.10086
0.684903
2.3566
0.302507
0.655641
-1.1462
-0.504021
0.577926
-0.544255
1.12291
-0.231393
0.472502
-0.543233
0.227694
-1.4316
0.120138
0.118313
0.723332
0.336948
0.588683
0.505453
-0.692217
0.29383
0.424415
-0.246464
-1.78333
-0.359674
0.435741
-0.0334409
0.73331
-0.238145
-0.339199
1.02294
0.687539
0.00970482
2.34026
-0.618265
0.285492
0.42846
-0.941226
-0.800655
0.0517648
1.87379
0.986888
-0.0355617
-0.81295
-1.05064
-0.85049
-1.33153
-0.0886705
-1.02713
0.18124
-1.17623
-0.257484
-0.138453
0.596996
-1.2239
-0.720732
0.771988
-1.95854
0.246866
-1.74855
1.41919
1.0674
-0.508799
-0.114719
-0.586989
0.925123
-1.4364
-0.0370363
0.350836
0.156128
-1.31118
0.888967
-0.107565
-1.40401
0.103638
-1.21861
-1.47728
-1.39766
1.41027
0.0316181
-1.06574
1.13012
-1.13027
0.701654
-0.78665
-0.155483
-0.0262121
-1.56257
-0.995176
0.848083
1.34451
-0.0797072
0.31071
-0.726958
-1.14299
0.876595
-0.288963
-0.402678
0.426674
0.309741
0.543987
1.06617
0.616464
0.315957
0.571457
0.222766
-1.065
-0.574068
1.52118
0.261005
-1.3601
-0.226913
-0.0231475
-0.256476
0.119021
-0.504197
-1.03156
1.28595
0.435109
1.15882
0.273482
0.360011
-0.413914
-1.81464
0.00552158
-0.557584
0.0130104
0.023476
-0.520074
-0.274033
-0.91562
0.453722
-0.0983196
-1.28886
-0.706904
-0.660616
-1.42895
0.26414
0.236194
0.410584
0.0260699
-0.736483
-0.433493
1.546
-0.56541
-0.99283
-0.770851
-0.502784
1.03892
0.913186
-0.718825
-0.720378
0.196812
-1.39686
-0.0337524
-0.378913
-2.07356
-0.0273888
1.15851
-1.24054
-0.761922
0.818896
-0.25626
-0.397123
-0.905036
-1.13496
-0.0337982
-1.01231
1.02811
-0.341177
0.602831
-1.22758
2.63764
0.246574
0.80132
-0.11607
-0.421439
-0.907556
0.315753
1.76014
0.131984
1.10661
-0.917361
0.637592
-0.207764
-0.873979
-0.859178
-0.996236
0.580514
0.404644
0.396144
1.44182
0.0402839
-0.771758
0.113677
1.40048
1.51039
-0.540709
-0.755757
-1.76678
0.737138
0.263545
-1.39212
1.66398
-0.29289
-1.27315
0.19134
0.560914
-2.11585
-0.666955
0.402368
0.286916
0.958074
1.09593
0.354096
-1.14635
0.026893
-1.48877
-1.65349
-0.725784
0.403438
-0.112989
1.04544
0.311769
1.98442
-0.749906
1.20925
-0.102556
-1.19793
0.724032
0.458477
1.77007
0.169017
-0.812116
0.544546
-0.160313
-1.80537
1.64623
-0.352882
-0.275958
0.78701
0.350053
-0.214356
1.2811
1.23232
0.466723
-0.0918223
1.55101
1.49177
0.982605
-1.57241
0.0317709
-1.30634
-0.0975024
-0.983474
0.302081
-1.62315
-0.462053
-0.726974
-0.614314
1.17147
0.228408
0.190752
-1.80089
-2.1473
-0.0441438
-1.61811
-0.103081
1.41612
0.329443
2.53099
0.622984
-0.554916
-0.351077
-0.43928
-0.798091
1.46361
-0.50316
-0.210938
-0.778672
0.670131
-0.872719
-0.106766
-1.01734
0.840418
-1.3099
-0.0965858
0.0045574
0.687118
-0.816436
-1.53329
-1.68847
0.0717096
2.33895
-0.105302
-2.35483
0.332242
-0.0407873
1.41892
-0.0716608
1.72738
1.36168
1.21354
0.727524
0.203418
0.287119
1.14889
0.936797
-0.688638
-0.599277
0.982131
0.394692
-0.34514
1.34393
-0.634517
0.604059
0.623831
-2.28349
0.922726
1.14855
-0.0592633
-1.93114
-1.03616
-1.33706
0.49125
0.564847
-0.429978
-1.53509
0.382226
-2.02934
-0.524565
2.63874
1.04416
0.792648
0.0944408
0.319335
0.627503
1.57957
-0.679558
-1.52087
1.15107
-0.127165
-0.0755846
-1.1077
-0.54361
-2.04947
0.209417
-1.50203
1.19659
2.08493
1.57399
-0.51496
-1.59759
-0.420548
-0.566762
-2.31624
-1.53482
-1.02877
-0.844946
-0.454211
1.22184
-0.515669
0.932489
-1.28388
1.70876
-0.530246
0.264158
1.21388
-1.47313
-0.793263
-0.619061
0.851838
-0.0890611
1.25909
2.07173
-0.155189
-0.88643
1.60405
-8.5638e-05
-0.625274
0.903912
-0.651397
-2.39646
-1.11007
-0.383641
-0.81948
-0.282275
-1.94246
-0.528011
0.808556
-0.689287
1.78331
0.874149
2.24512
-1.215
-1.21349
0.461463
1.11985
-0.100522
-0.767596
-0.645575
0.323302
0.0829127
1.47366
0.173381
1.20434
-0.528915
-2.26763
-0.343197
1.77533
-0.749314
1.65098
0.578311
-0.415066
-0.400771
-0.657489
-0.251761
0.43244
-1.39097
-0.650891
0.50487
0.571383
-0.678623
1.02172
1.3575
-0.317439
0.175201
0.787784
-0.691994
0.468215
0.116484
-1.62459
1.95404
-1.63696
-2.20254
0.541775
-0.823817
1.43317
0.749951
-1.04566
-0.161384
-1.72242
-0.448259
0.937313
1.064
0.649229
-0.80266
0.760589
-1.4245
2.51379
-0.453314
-1.2419
-0.844865
0.789679
0.798734
1.39946
0.093819
-0.220512
-0.091759
-0.603353
0.503205
0.471778
0.681535
0.829568
-0.0244462
-0.190655
-0.366958
0.484804
-0.333693
-0.580217
-0.368237
0.924081
0.240674
0.4422
-0.366873
-0.0186309
0.866776
-0.731579
-0.0708245
-0.322869
0.343599
1.20853
0.662354
-0.567149
-0.0713317
1.34559
0.855406
0.167971
2.32873
0.5089
-0.695599
-0.715472
0.78573
-0.902185
1.41211
1.25028
-0.638603
-0.674383
1.01845
0.152414
-0.00986807
-0.18151
-0.640014
0.903582
2.72234
1.37056
-0.201291
0.852143
2.05436
-1.36215
-1.05789
-0.0341809
0.464466
0.487428
-0.0817781
1.79564
1.12438
-0.201378
1.5672
-0.343991
1.5555
-0.526173
0.781791
0.822557
1.53229
-0.25617
-2.79457
0.50346
-0.61083
-2.1033
-0.253113
0.4576
-0.326655
-1.1722
-0.597223
-0.158306
-1.22525
0.512889
0.261418
-0.00746077
0.32359
0.563467
1.99861
0.916541
-0.215412
2.11734
0.94019
1.16374
-0.200537
-0.319169
-0.0740294
-1.18609
0.0342066
0.220357
0.0311136
2.62856
0.0773739
-0.365356
-0.483903
0.229032
0.394428
-0.0513826
0.396241
0.548001
0.489781
0.704515
-0.37191
1.2858
-0.408796
-0.383056
0.265609
1.77249
0.00550263
-1.23365
-0.179808
0.215186
2.45521
0.309044
-0.449634
-1.54095
-0.227642
-0.816024
-0.147923
0.591929
-0.736262
-0.377427
-0.350859
1.01284
0.114592
-0.0805135
0.301092
0.0605917
-0.439277
0.56001
0.230066
0.255331
0.387955
0.763297
-0.390444
-1.07195
2.21556
-0.0722471
0.634893
2.17806
0.70147
-0.706122
-2.18828
-0.847559
-1.92896
0.516584
0.758713
-1.59074
0.595849
-0.331154
0.864379
0.845847
0.863254
-0.533362
1.32547
-2.86776
0.035868
0.205909
0.78716
-0.351545
1.90572
-0.0901101
-0.268578
-0.0638478
0.985491
1.68726
-0.810886
-0.850625
-0.947568
0.897621
-1.52949
-0.39231
1.52479
-0.531872
0.320926
0.379948
0.275256
1.31502
0.206354
0.928499
-0.57113
-0.396966
1.21923
-0.229096
0.172974
0.144588
1.62875
1.00737
0.598466
-0.915836
1.60988
-0.29391
1.09421
0.252026
0.22105
-0.405547
-2.23814
0.918332
2.69922
-0.0837949
-1.74847
-0.84125
1.41832
0.297096
-1.29169
-1.22642
0.043355
0.44606
1.12196
0.250872
0.468601
-0.749581
-0.483042
0.637068
1.04041
-0.259598
1.6783
0.991304
1.27945
1.90211
-0.463792
-0.729031
-0.397716
0.0299692
-2.04228
0.0829185
1.54541
0.435099
-0.738884
0.061281
0.535987
-0.507409
0.817225
-1.50672
1.17754
0.873562
1.23343
0.625277
1.63285
0.533216
-0.619001
-1.10856
-0.774501
-1.96944
-0.221212
1.63475
0.609646
0.409491
-1.06185
-1.23113
1.68657
0.491152
-1.00779
0.471836
-1.11242
-0.106031
-1.76111
-1.38924
1.38515
1.83513
-0.123329
-0.546322
0.235571
0.398703
-1.35442
-0.80648
0.756154
1.07967
0.149947
0.239241
-1.57912
2.47607
0.00923423
0.787312
0.184082
0.179271
-0.636305
-1.29689
0.52826
0.683111
0.643889
0.418414
1.97865
-1.11918
1.34503
-0.911346
0.711938
-0.538777
-0.833473
-1.46161
-1.15761
-1.10463
-0.383876
0.326088
-0.913351
-0.583981
-0.967801
-1.81402
2.55449
-0.129252
-0.278855
1.32625
1.99798
0.103207
0.0797482
0.0120892
-1.50727
1.71886
0.281257
-0.784214
-0.695343
-0.323872
1.50279
1.19243
0.797975
-0.0364847
-1.28281
0.865144
1.87912
-0.800227
-1.28098
1.76959
-0.299286
-1.01485
-0.773466
-0.222172
-0.22377
0.266662
0.0643984
-0.827888
1.09433
0.757746
0.298549
-0.0613278
1.42178
-0.235435
-0.0935744
1.26441
0.580529
0.395516
-0.0800389
0.574327
-0.138156
-1.77685
-0.728327
0.227262
-0.329669
-0.491845
0.797391
0.755471
-1.56765
-0.909661
-0.165443
1.01069
0.309273
0.912502
-0.460851
-0.893612
-0.234066
-0.471692
0.687114
0.695975
1.88059
0.205695
-0.373208
-0.0298369
-0.107843
0.78646
-1.42371
-1.11623
-0.275731
0.613806
0.0200804
1.21165
-0.381907
-1.78792
1.13192
0.049404
2.55254
-0.514085
1.50259
2.43948
0.697453
0.553442
-1.30853
0.578001
-2.16036
0.860085
1.44501
0.383918
1.25871
-0.369479
1.00657
0.538716
0.435303
0.554635
-1.33344
-0.722326
-0.525155
0.392373
-1.60877
0.947743
-0.834175
1.63692
-0.0783578
0.953993
-0.385809
-2.60665
-0.269741
0.480703
1.29623
0.484318
0.490814
1.30915
0.969528
0.0329146
-2.10053
-1.59829
0.118227
-0.285523
-0.56178
0.113611
-0.089594
1.04173
-0.109541
0.90869
-0.0565796
-0.437191
-0.650163
-1.62835
0.390591
0.271827
1.36699
-0.867151
-0.712218
1.45406
-0.955279
0.660465
-0.724352
-0.811913
0.103661
0.962441
0.309629
-0.169887
0.497982
-1.44667
0.117342
-0.756801
-1.37905
-0.257572
2.00137
0.514827
-0.568677
0.204154
0.00343828
-0.394604
-0.538759
-1.03111
-0.474076
0.490625
-1.26971
-0.386609
-0.40732
1.07568
-1.70026
1.15004
0.63308
0.474648
1.03969
0.60329
-0.762886
-0.470873
-0.663621
0.57432
1.04067
0.986115
1.17316
-1.12226
-0.726072
1.21738
-0.372733
-0.693952
-0.489721
-0.291243
-0.762442
-0.271993
-0.944613
0.708131
0.133106
-0.700907
0.536185
1.7196
0.39298
-0.839996
1.0939
-0.0518785
1.17823
-0.690598
2.22307
-0.440291
2.18192
-1.26389
-1.05757
-1.74015
-0.131367
-0.00819507
0.107281
0.648209
-0.740367
1.23541
-0.385516
-0.157548
0.641612
0.190644
2.02555
1.32252
1.39535
0.129564
-0.533484
-0.46768
1.1012
-1.59597
0.638107
1.86953
-0.11162
-1.52293
0.540921
-0.612578
-0.0571798
-0.541527
1.85295
2.02407
-0.803256
-0.868938
0.278293
-0.233825
0.196193
0.204737
0.346615
2.4002
-0.411953
0.373991
1.10301
-1.10103
-0.23441
2.07246
0.196539
-0.166539
-0.319398
-0.321857
0.194022
-0.784966
0.798394
-0.590402
-1.19301
0.571207
-0.255822
-0.765466
-2.00717
-2.02098
-1.87576
-0.234313
0.761762
0.773952
-0.0078825
-0.0100058
0.150579
0.606866
0.504344
0.0562877
-0.706919
0.442788
-1.01684
0.845935
-0.853871
-1.68417
-0.17178
0.290724
-1.04282
-0.124694
0.328781
0.164541
0.475382
0.387401
0.639897
-1.76027
-0.446047
-2.36841
-1.42114
0.526489
-0.443815
1.2312
-1.06489
-1.75912
0.426404
-0.803242
-0.668716
-0.951392
0.964893
-0.591401
0.551659
0.690571
1.82742
0.539078
1.63541
1.21779
2.03706
-2.04504
-0.516183
-1.16682
0.407355
0.106842
-2.20824
-0.0760209
0.137179
-0.725958
0.361869
-0.104873
-0.647524
-0.851007
-0.951033
0.373866
0.35519
0.863728
-0.486409
-0.965508
0.771192
-0.164608
0.944355
-0.779052
-0.876647
-1.30575
-0.790962
0.881107
-0.111806
0.397009
1.47629
0.407095
0.811265
-1.14311
1.68562
-0.43001
0.394841
-0.361161
-0.771257
-1.41405
-0.222577
-0.0116917
-1.70492
-0.777571
-0.669063
-0.13115
-0.700003
0.472243
0.956156
2.13796
-2.24612
0.31392
1.1787
-1.53923
1.37323
0.863576
-0.341946
0.434714
0.849568
-0.409848
0.403661
-0.195521
-1.14633
-1.24268
1.26562
-0.727441
0.049466
0.211631
0.318891
0.502369
0.645823
1.84284
0.730569
0.421439
-0.654027
-0.45745
0.681416
-0.133813
-0.51857
-0.796225
0.549352
-0.977007
1.37713
1.22989
-0.847785
-1.1908
-1.31018
1.0232
1.36372
0.139978
-0.860294
0.0500905
-1.2202
-2.70578
2.69518
-0.676789
0.789927
-1.41649
-0.674916
0.29075
-0.843186
-0.351808
-1.19162
-1.21831
-0.889677
-1.4919
-0.380982
0.184144
-0.781124
0.37532
-1.39964
0.666795
0.475095
-1.34143
0.267652
-1.17769
-0.301272
0.441592
0.818003
1.73539
1.33215
-0.0434375
-0.123616
0.055488
-1.9638
0.699138
0.341122
0.420985
-0.525543
0.68752
-0.215964
-1.10703
-1.16427
-0.447001
-0.956288
1.19635
-0.111874
-0.361728
-0.778076
0.0210208
0.543189
1.77947
0.221588
-1.00734
-0.363611
-0.177871
0.975418
-0.63835
1.19119
-0.888353
-0.920345
-0.551747
-0.361494
-0.533289
-0.529683
-0.511112
0.397564
-1.03033
-0.170188
0.863152
-1.6526
1.91307
-0.147077
1.63932
0.0975617
0.360937
-0.49438
-1.32168
0.434287
0.746018
-0.530448
0.712315
-2.75618
0.96133
-0.597809
0.334549
-0.636778
-0.247758
0.760497
1.02272
-0.0780885
-0.930018
-0.834451
1.1445
-1.78959
0.995816
-0.750932
0.228363
0.593703
0.335638
-0.835547
-1.64388
0.278541
0.613611
-0.884529
1.99636
-0.0422878
0.95419
1.06415
0.873804
2.28153
1.4038
0.982177
0.34219
0.0690265
0.528048
-1.47147
0.0964045
1.33605
0.580791
0.990594
0.131967
-2.51791
-0.829465
-0.772043
0.29138
-1.09536
-1.09467
0.686452
-1.12709
1.13675
0.334014
-1.17846
1.48319
-0.123608
-0.99754
-0.164594
-0.355933
-0.398384
-1.06882
0.615839
-0.707439
-0.242656
-0.163791
0.122593
-0.766472
0.0737797
1.0066
1.35062
0.204418
-1.31377
0.185054
-0.735336
-0.753788
0.224819
0.151799
-1.3726
-0.838615
0.250674
-1.03291
-1.27435
0.00271846
0.0667428
-0.0890495
0.10156
0.681715
0.519127
0.761532
0.0463174
-1.21705
-0.120383
-0.602153
0.976657
0.691388
0.937589
-0.291435
2.51306
0.317927
-1.53484
1.38864
-0.571847
-0.170106
-2.04261
0.0459926
0.416039
-1.04599
-1.62977
-0.801526
0.270125
-0.575066
-0.455231
-1.22885
-0.948958
-1.03855
-0.86031
0.566999
0.26615
0.21688
-1.09963
-0.0713182
-1.7579
-0.317292
-0.978162
-0.908671
-0.415733
0.797114
1.5789
-1.95766
-1.38273
-0.831949
0.892071
1.35457
0.692758
-1.80865
-0.3501
-0.00454937
-0.0626619
-0.105797
-0.552603
1.49171
-1.28199
2.04861
-0.525564
-1.08062
-0.516435
0.593914
-0.53323
0.0109238
-1.24226
0.815963
-0.663723
-0.043511
-0.34921
-1.41975
-1.88551
1.65885
0.84377
0.155673
-1.14511
-0.273643
0.12916
-0.863744
0.395779
-0.481568
1.01286
1.65391
1.13532
-1.00871
-1.23254
0.0356462
-0.223197
-0.88081
0.46978
0.272299
-0.0306064
-0.744196
0.605691
0.454283
-0.965014
0.829221
0.305136
-0.359071
-0.160115
0.424178
1.18094
-0.676969
1.76272
0.23655
-0.280549
-0.545714
-0.0411387
0.211936
1.0587
0.118061
-0.131125
-0.247689
0.707318
-0.0912389
0.14403
0.069745
-1.33941
0.643629
0.0786145
0.136279
-0.674878
-1.56773
1.37999
0.0252778
0.563546
0.88051
-1.3763
0.53364
1.56185
0.462355
1.25114
0.619528
-0.648968
-0.837437
-0.428833
-0.93522
0.80795
-0.283671
-0.25258
-0.502756
-0.0144409
0.245103
-1.40107
0.960819
1.46667
0.403116
1.0719
1.10058
-0.21187
-0.884006
-2.19346
-1.33643
0.0644427
0.265232
1.3764
-1.00934
0.517155
-1.38647
-1.56796
-0.250865
-1.14848
0.910688
0.194483
2.33769
-0.357494
0.013188
-0.696921
-1.76286
0.0544624
-2.02233
-0.802236
0.501415
1.15982
-1.6595
-0.855876
0.075294
-0.28993
1.26254
-0.948556
-0.0623615
-1.45896
-0.409081
1.41994
-1.04822
-1.08897
-0.183445
-1.3136
0.103893
1.33279
0.163926
1.13877
-1.61836
0.465135
-0.91946
2.16766
0.183827
-0.0111412
-0.285063
0.275685
0.732522
0.725794
0.846635
-0.99057
0.521214
0.170874
-0.678271
1.32679
-0.632513
-0.772666
-0.800736
-0.138377
-0.87435
1.19559
0.68204
-1.07676
0.985489
0.893956
1.23788
0.0141111
0.853004
-0.296378
-0.318779
0.43862
0.6103
0.471342
0.986691
0.257825
0.195323
-0.168901
-1.31806
-1.37249
0.476044
-0.624811
1.25491
0.0793688
1.03101
-1.10149
-0.141098
1.33341
0.729117
1.57187
1.92502
1.26607
-0.0282595
-0.281709
-0.733433
-0.719817
0.725057
0.220182
-1.20457
-1.08
-0.264742
-1.19034
0.743852
-2.61371
0.110644
1.79754
0.694824
2.14115
-0.40879
-1.07898
0.911323
0.812234
1.75168
0.00178135
-0.455447
-0.717791
-0.374245
-1.13192
0.0786822
0.222606
0.590666
-2.06384
0.210838
0.465883
0.234336
0.0223977
0.308278
-0.396166
0.409934
-0.269356
1.65036
-1.7627
0.554834
-1.11671
-0.161454
0.625579
-0.0463208
-1.27011
0.0884061
-0.211485
-0.906738
-1.76381
-1.86672
-0.127989
-0.220367
2.22905
1.38395
1.56729
1.08861
0.583479
-1.12506
-0.822053
-1.9525
0.64054
0.257934
0.188727
1.3373
-0.546708
-0.659504
-0.0263036
1.11356
1.44337
0.381205
-2.31471
-0.953925
-0.827807
-0.598918
2.13218
1.7359
-0.782445
1.09368
0.844086
1.51529
-0.0230534
-1.34818
-0.42349
1.11947
-0.718693
0.397766
-0.942505
1.79885
-0.498384
-0.454477
-0.189127
-1.29773
1.78305
-0.535456
0.355522
-0.437154
-0.356071
1.72748
1.13676
1.28152
-0.828322
0.706643
-1.355
-0.498201
0.586021
-0.262686
1.68578
1.4558
1.21091
-1.10308
-0.862451
0.346628
-0.261171
0.363915
1.22858
-0.94785
-0.468711
-1.23409
-0.0128638
-0.603995
1.57733
0.387436
-0.252301
-0.790199
1.86896
-0.370738
0.49025
-0.89582
0.290293
-0.0494971
-2.6001
0.543103
-0.639258
-0.322419
-2.10781
-0.339637
-0.0805032
0.88882
-0.16949
1.74795
1.52771
-1.35687
-0.86575
1.4037
-0.27098
-1.58419
-0.796439
-0.206868
0.533615
0.708312
-0.0814601
-0.975012
-0.561459
1.24287
0.7724
-0.906782
-0.779558
0.421342
0.8041
-0.584301
-2.06967
0.319311
0.201887
0.0307163
-0.854798
1.2705
-0.356816
-0.362266
-0.559397
0.0927134
0.527737
0.423821
0.154814
-0.647868
-0.0441141
-0.000792785
0.422622
0.521787
1.34501
-1.36907
-0.258357
0.248238
-0.531642
0.178259
0.0423489
-2.29139
0.492974
0.122283
0.199307
1.40285
0.992693
0.437876
0.382819
0.597404
0.197482
-0.956366
0.623656
-1.36012
-1.07159
0.876073
-0.434959
1.81314
-0.403103
-1.02682
-1.14581
-0.368909
0.271858
1.49057
1.6092
0.620035
1.31754
-0.246881
0.515062
0.931885
-0.48892
-1.22031
0.835254
1.17124
-2.02972
2.49546
2.00773
-0.903175
-0.149993
0.672401
-0.685596
0.573589
-1.26104
1.69206
-0.263287
-0.712054
-1.45387
-0.937104
0.640114
0.860105
-1.04442
1.4792
-0.209299
-0.00516474
-0.349293
0.496694
-1.18722
-0.986157
-0.536908
-0.544289
-0.34872
1.01258
-0.949838
-0.794959
-0.411273
-0.710535
1.44372
-0.552061
-0.0685218
0.341332
0.441484
-1.47724
-0.0893463
0.131326
-1.65634
0.640902
-0.71254
1.62089
0.493405
0.426945
0.417799
1.11082
0.184636
-0.274824
-1.22503
-0.21686
-1.10398
0.877597
-0.910217
-0.680628
-0.460064
-0.330214
2.24115
0.196409
0.364865
-1.23792
1.45203
1.01087
-0.766873
-0.699513
-1.36798
-1.71502
0.0643419
-0.890895
-0.183488
-0.751272
0.820246
0.55856
0.448706
0.478015
-0.400622
0.70342
0.119756
0.760157
0.989188
-0.201479
0.947317
2.41016
-0.0147873
0.747095
2.14646
-1.38908
-2.22714
0.4352
0.115565
-0.236817
-0.045369
-0.558299
-1.02638
1.03925
-0.703066
0.556932
-0.47572
0.443922
-0.0949901
-0.976141
-0.382939
-0.114397
1.70013
-0.676044
1.04641
0.0171492
-0.697459
-0.192182
1.22079
1.23137
-0.336732
-1.02623
2.53655
-0.0760648
-1.57028
-1.09251
0.167609
-0.502854
-0.488031
-0.430166
0.666352
-1.70615
-0.461337
0.562451
-0.0904799
0.624131
-0.195295
-0.352602
-0.630834
0.0730635
1.92954
-1.35743
-0.515708
0.243932
0.0884971
0.786595
-0.386917
-0.0361589
0.131193
0.495023
-2.18537
-1.30086
-1.05645
-1.90642
0.527025
1.39521
0.621013
-0.301842
2.01252
-0.0277817
-0.298823
1.17011
-0.755969
0.240643
0.431491
-0.053645
1.62034
-1.54038
-0.227494
1.91635
-1.53392
-0.298323
0.0825058
-0.597826
-0.797581
-0.630016
0.706058
1.40644
-1.0317
0.799711
-0.453729
-1.55726
0.191564
1.01922
0.0161715
0.42269
1.28444
-1.36326
1.02285
-1.68113
0.591475
0.542011
0.730541
-1.08555
-1.10407
-0.294967
1.92747
-0.0228023
0.0554199
-1.24591
-0.841744
1.76427
0.466257
1.14115
1.77358
-0.816411
0.49295
0.617165
0.0783045
1.20334
0.387945
-1.01188
-0.530346
0.672542
0.889096
1.23191
0.216132
0.466066
1.02593
-0.0306752
1.25721
0.122539
0.164202
-1.21592
0.103978
0.175432
1.50663
-2.5149
0.123538
1.12263
-0.826225
0.0765852
-0.559014
-1.02415
1.09092
-1.98031
-0.591308
-2.35848
0.473859
-0.0306768
0.252234
1.06125
0.0138801
1.21894
-0.150483
0.0684125
1.02704
-0.612105
0.884543
-0.621558
0.125187
0.225118
0.508097
0.981793
-0.54691
1.17804
0.779648
0.0469616
0.842517
0.106009
-0.590676
0.811644
0.082915
0.35725
1.02848
-1.20274
-0.463657
-0.00406837
1.4004
-0.132881
0.442207
0.200833
-0.464948
0.437689
2.27374
0.056643
0.143884
0.593079
0.913996
-1.69315
-1.13346
-0.501011
0.269961
-0.601095
2.117
-0.598849
1.25723
-0.370249
-0.95355
-0.0294944
1.2959
1.65531
0.0243526
0.581129
0.471959
-1.37167
0.505056
-0.547471
0.0217344
-1.0201
-0.733062
0.158646
-0.685624
-1.88527
-0.560263
0.162331
-2.5815
-0.305569
-0.314835
1.3084
0.335242
0.679271
1.06338
0.841992
-0.480705
0.375051
-0.52777
-0.123127
2.14339
-1.4854
0.270365
1.30717
1.45268
2.67348
-1.06122
-1.01062
-0.378344
0.426669
1.73363
-0.218972
1.18799
2.3736
-0.547006
-2.0251
1.04585
0.805358
0.821251
0.461391
-0.538202
-1.017
-0.914407
-1.30076
2.29007
0.285796
0.724907
-0.30166
-0.0366097
-0.390538
0.209827
-1.73666
-1.41225
0.662243
-0.126091
-0.318078
0.245827
-1.58324
0.382162
-1.36121
-1.38803
-0.549329
-0.186754
-0.386541
0.326302
-0.75971
-2.03831
-0.118416
1.51142
-0.905566
1.32759
-0.759767
-0.486559
1.77554
-0.25551
0.210574
-0.410854
-1.23389
-1.44492
-0.537922
0.326611
0.759586
-0.339978
-1.1961
1.21882
-0.473664
-1.11547
1.42485
0.330366
2.09648
0.981198
-0.0339003
-0.590667
-0.925139
-0.103311
2.36297
-0.191617
0.402223
1.02326
0.87741
0.771432
0.0243142
-1.16039
0.126604
-1.67092
0.763509
-1.43231
-0.188738
6.49974e-05
1.23077
-2.41422
1.91016
0.997171
-1.70178
0.188632
-1.16764
0.885192
-0.625132
0.386585
0.169517
-0.0183409
-1.34261
-0.0558519
-0.187783
1.60713
-0.166042
0.106522
0.494738
0.719846
-1.59746
-0.515958
1.59015
0.476098
0.935371
-0.28232
1.09009
0.954685
0.0128773
0.105571
-0.117751
-0.697741
-1.07214
0.194319
-1.94798
-0.288037
-0.068527
2.00727
0.0256666
-1.14373
-0.736311
0.441504
0.755879
0.979407
-1.19846
0.420728
0.627448
-0.596635
0.528333
-1.12569
-0.108894
0.64034
-1.35795
0.543126
-0.826042
0.761794
0.215099
0.603542
0.0355876
0.249549
0.558508
-0.581794
-1.68547
-1.01795
-0.20221
0.890586
0.0880926
2.36426
-0.225103
0.306889
-0.302269
0.194593
1.77276
-0.781779
0.745079
-0.234671
1.48836
1.01141
-0.325364
1.75964
-0.80095
-0.991748
2.63254
0.529967
0.130491
-1.83909
-0.433704
0.373779
-0.983274
-0.893128
0.149217
-0.1127
0.111019
0.792201
-1.70799
-0.601736
0.739585
0.0987018
-0.0928595
-2.60955
-0.337576
1.4007
-1.4147
-0.82915
-0.609254
-0.535785
-1.12683
-0.739622
-0.756351
0.178745
1.0063
-0.302102
0.932541
-0.888545
0.0514083
-1.92456
-0.783893
1.47054
0.868515
0.480498
-0.0458698
0.371987
-1.68611
0.0216024
-0.0889371
2.27341
0.52576
-0.0555641
-0.749335
-0.242474
-0.808204
0.87441
0.281751
-1.7664
-0.889385
0.0441478
0.91961
-1.17949
1.43742
-0.533832
-1.005
1.36072
0.174373
-1.54441
-0.627055
0.664672
1.38707
-0.59446
0.0920117
2.14858
1.69227
-0.744556
0.0841739
-0.316934
0.1253
-0.488595
1.29696
-1.36431
1.3853
0.188748
0.323447
-0.0988334
-0.0292214
0.138298
-0.00578049
0.843867
1.46222
0.290923
-1.85638
-1.33576
1.0274
-0.595813
-0.30314
-1.17878
0.943147
-0.00390281
-0.935848
0.0225614
0.45272
-0.0306692
-0.933245
0.803773
0.726578
0.830947
0.559795
0.512371
0.0387497
0.349323
1.01563
1.15699
-0.404299
-0.705071
-0.451406
0.834062
-1.80097
0.0622208
0.392117
-1.37569
-0.3276
-0.403037
0.649378
0.221991
-1.4935
0.371888
1.53523
-0.894492
-0.562343
-0.616001
-0.970316
-0.225863
0.391602
1.00281
0.350301
-0.382034
-1.03665
1.18208
-0.293244
1.05253
0.592243
-0.394924
0.0529409
-1.30593
2.25896
-1.34249
0.663169
0.930032
-0.0683643
-1.95424
-0.39147
0.290938
1.15388
-0.397017
-2.3105
-2.23926
-0.88667
-1.11678
-0.145644
-0.855557
-0.444948
1.39525
-0.634757
0.136355
1.92671
-0.123616
-0.101977
-1.0751
-0.67306
-0.146838
-0.642796
-0.511974
0.520322
-0.160618
1.5682
1.14208
-1.48739
0.545939
0.508521
0.203798
0.216514
-0.415445
0.974772
-1.71113
0.945392
0.403235
-0.246222
-0.0906046
0.786189
-1.27772
-0.294936
0.966738
0.197525
-0.355297
-0.224713
1.19791
0.160943
-0.300575
-2.02493
0.0465297
-0.0990863
-0.67825
1.4915
-0.940495
-0.134665
-0.283221
1.24415
-0.719306
0.259768
0.265414
0.500452
-0.0786411
-1.09639
-0.328899
1.06708
0.805843
-0.849568
-0.970645
2.24096
1.1123
-0.635283
0.917739
0.18731
-0.948627
1.42258
1.24382
0.195538
0.0168915
0.421903
-0.680967
0.250247
-1.23937
-1.22561
-0.807087
1.46466
-2.95547
-0.93745
-0.883006
-0.37321
-0.0880073
-0.304057
1.05642
-1.11113
0.577596
-0.384868
2.75703
0.5935
-0.872435
0.0140551
-0.120334
-0.849922
0.299567
1.1749
1.4584
0.180438
1.83229
0.0165787
0.453606
1.1022
0.935041
-1.68931
0.214632
-0.218754
0.975418
-0.0935777
-1.04717
-0.913319
-3.25676
0.23348
0.706643
0.167056
1.3898
0.392832
0.765324
1.04927
1.65983
1.01275
-0.874575
-2.4961
0.901654
-0.271174
-0.247243
-0.516601
0.184446
1.42974
0.938769
0.597413
-0.894626
0.238282
1.50021
0.670654
1.24609
-0.603731
0.389691
1.70062
1.1861
0.561885
-0.220391
-0.975253
0.244768
-0.737206
-0.425603
-0.6795
0.80154
-1.34863
-0.968308
-0.0860555
-0.952065
0.0175393
-0.732895
-0.816759
0.129514
0.539896
-1.34319
-0.0721758
-0.444984
-0.630007
0.144722
0.133022
0.166524
-0.229932
0.420119
0.962975
0.875981
-0.212535
1.17205
0.578585
-0.779086
-0.543308
0.308396
0.294615
0.999822
0.408031
1.49359
-1.33002
-0.194023
-0.520444
-0.684483
-0.959544
-0.174498
0.0725629
-0.204593
-1.72683
-0.275189
0.869643
1.18616
0.135878
0.631712
0.863542
1.10709
-0.391807
-0.280846
-0.07421
-0.405218
2.4896
0.111811
0.93673
-0.478422
2.13384
2.68033
-1.25211
1.21781
-0.703698
0.639836
0.172787
0.350918
-1.85181
-0.389205
-0.324684
0.77501
0.849405
1.5936
-0.123666
-0.152975
1.92893
-0.913849
1.56353
-0.100459
0.694265
1.26824
0.0767145
0.105762
-0.87054
1.46151
0.607037
-0.177574
1.24689
-0.655803
0.0303044
-1.2876
-1.48444
-0.414998
-1.34351
-0.0181537
0.548942
-1.7043
-0.663274
0.0717869
-0.08102
-2.56319
-0.932335
-0.480142
-0.938588
0.710185
1.91065
0.650658
0.23477
0.349984
0.566323
-0.662549
-0.483608
-0.700015
1.0313
0.586505
-0.70525
1.22158
-2.44637
-0.784948
0.264811
1.05397
0.922863
1.4683
-0.428782
0.255148
0.765124
-1.01136
1.23371
-1.75586
1.85908
-0.259633
-0.473939
0.549115
-0.33754
-0.954758
0.160696
-0.371117
1.40269
0.0234798
1.22851
-0.427472
0.34552
1.62383
-1.50823
0.895869
-0.595935
-2.00673
0.108128
-0.289584
-1.42374
0.0169349
0.0988526
0.603339
-1.40466
-0.716988
-0.117571
-0.69706
-0.64843
-0.0223849
-0.239963
0.290756
-0.0769751
-0.963495
0.894385
1.49271
-0.625066
0.95297
0.747901
-0.116684
-1.14458
-0.312673
-0.147009
-0.806745
0.290551
-0.180374
0.534838
-0.76636
-0.19611
-1.42158
0.462621
1.31122
-0.450163
0.514698
-0.806283
1.0926
0.314145
0.534379
1.71071
1.05145
-0.152343
1.87714
-0.812872
0.124627
3.00683
-0.750643
2.47343
0.0238899
-1.54368
-0.710325
-3.28118
-0.0435445
0.118692
0.560983
0.249046
-1.21307
-0.570997
-1.13379
1.90968
0.558798
-1.31396
-1.09364
0.0237973
0.0459415
-0.937422
-1.5868
1.91338
0.808092
1.05479
1.67172
-1.01314
0.199343
1.30549
0.21795
-0.508063
-1.81786
-0.895866
-0.236194
-0.353413
0.556857
0.641809
-1.64725
-0.561119
-0.892765
0.0716469
0.0252356
0.672382
0.410778
-1.07942
-0.705269
0.613502
1.15531
-1.19348
0.619794
-1.23073
-0.396383
-1.17674
1.16309
-0.214652
-0.668277
-0.512455
1.59132
-1.41277
0.920907
-1.94601
0.599815
-2.52963
1.02525
0.196451
0.10099
0.446792
0.102051
0.650774
1.41536
1.0173
-1.14141
-0.440138
-0.536382
0.873905
-0.539886
-0.102663
-0.154446
0.815314
0.485376
0.1367
-0.451982
-0.0751492
-0.989748
-0.869433
-1.10189
1.35826
-0.18899
1.15126
-0.964495
-1.08545
-0.289122
-1.31505
-0.288304
-0.85854
1.11799
1.24872
-0.915362
-0.104799
-0.802147
0.0590359
-0.603716
0.271544
0.0660274
-0.284873
0.417755
0.866648
0.604451
0.725007
0.510283
-0.106386
-0.626141
-0.099364
0.430712
1.47958
0.202481
-0.636279
2.5308
0.735512
-0.257126
-1.6107
-0.61689
-0.65665
-2.30577
0.398123
-0.202478
0.479163
-0.937185
1.49937
0.374241
0.218656
2.19586
1.24082
-0.410971
-0.666336
-1.05014
0.625133
0.985977
0.600466
0.51183
1.73012
-0.266769
0.443324
-1.1223
0.773333
1.04078
0.664802
-0.797987
0.142277
0.5034
1.54821
1.10995
1.55983
-0.0567754
0.592176
-0.663974
0.35696
1.39629
0.800339
1.557
-0.134862
0.286831
-0.00407885
-1.04642
-0.383171
0.35485
1.97893
-0.201508
0.438022
0.524278
1.53589
1.47862
-0.787595
-0.0946706
-1.11313
0.714255
-0.219983
0.458579
0.676886
-2.00969
-0.520915
-1.10817
-0.877694
-0.263207
2.05916
-0.667332
-0.778587
1.15752
0.28634
-1.54403
-1.44657
-0.154262
-0.35337
-0.250726
0.240566
-0.19774
1.3754
0.372423
-0.292751
0.0419378
-0.875389
0.165989
0.481468
-0.120331
-0.345225
-2.7558
0.565161
-0.0762784
0.205293
0.940721
-0.672806
0.898155
-0.23833
1.63566
1.49105
1.93408
-0.285801
-2.33166
-0.237944
-0.202311
-0.853692
-0.537611
0.956904
-0.406741
0.00512366
0.647275
0.506109
0.808376
-1.51816
-0.468078
-1.81325
-0.195514
0.951269
1.4577
-0.132107
0.826585
0.479063
0.740953
0.21838
-0.245207
-0.289152
0.222862
-0.810633
1.98956
-0.408912
-0.522385
-0.257528
-1.60158
0.580863
-1.81399
-0.160614
0.109271
-1.96445
0.446569
-0.510418
-0.26627
0.0614393
-0.597776
-0.865519
0.423978
-0.387609
-0.289369
-1.24679
0.608103
-1.88318
-0.559412
-0.901918
-1.28995
0.192305
1.35694
-1.24624
-0.449754
1.02732
-0.362597
1.29369
0.0480717
-1.1474
1.16504
1.01349
-0.900049
-0.500607
-0.708153
-0.796027
-0.125734
-0.416308
-0.724724
-1.8599
0.0380699
0.0226283
-1.44501
1.88607
0.747418
-0.167747
-1.14399
-1.02962
1.91397
1.29489
-0.443675
-1.8841
-0.111996
-0.00732649
0.87269
1.26315
-0.328987
1.40469
-0.232505
-0.431908
-0.132291
-2.16069
2.40137
-0.701982
0.114336
0.274034
0.937582
-1.43432
-0.790963
-0.512877
-0.538529
0.429771
0.985133
0.62305
-1.12877
1.03076
1.32544
-0.328118
-0.0443532
-1.30768
0.602401
-1.12488
0.881173
-0.647948
-1.45189
1.14077
-1.31092
-1.21018
-1.19918
-0.983679
-0.863618
2.16109
-0.584629
-0.566482
0.390155
-1.0922
-1.03331
-0.834044
1.27881
1.86467
0.253057
0.96628
0.689168
-0.65759
-0.11136
-0.787598
1.23662
-1.01377
0.593027
-0.275952
-2.41154
-0.844767
-0.949324
-0.276636
-0.206719
-1.45822
-0.906206
-0.596479
-0.0853125
-0.254347
-0.802463
0.902809
-1.54336
-0.94374
-2.28326
-0.680122
-1.62463
-0.581395
-0.836283
-0.592468
1.17767
0.698437
-0.185438
0.548699
0.578528
1.44089
0.223723
0.979942
0.3666
-2.25324
0.748119
1.12626
1.27319
1.05252
1.95306
-0.46041
1.08346
0.281954
2.50395
0.810643
0.759108
-0.656931
1.01308
-1.86011
-0.48271
-0.358182
-0.317092
-0.890431
-0.276174
0.670738
0.984294
0.879841
0.3794
-0.919629
-1.70188
0.0605278
1.3304
1.1517
0.353934
-0.55209
0.235059
-0.453902
-1.01988
0.382057
-0.0804213
2.10656
-0.892857
0.858347
0.828443
-0.152102
0.921573
-0.864934
1.20966
1.57516
0.175892
-1.05796
-2.04725
-0.318423
0.781984
1.45793
-1.34701
0.152788
0.265487
-0.829545
1.15408
-2.13617
1.80952
0.941539
1.11404
0.724852
0.195651
-0.11529
0.444405
2.17435
-0.57738
-1.58444
-0.221763
-0.513851
0.494539
-0.20869
-0.0547363
-0.124918
-0.934387
1.17186
-1.27376
-0.844889
0.536247
0.472809
0.736175
0.215805
-0.469429
-1.58001
-0.50835
-1.94527
0.0276348
1.06499
0.768831
1.40843
-0.912024
0.0910427
-2.32784
0.841077
-0.569244
-2.24751
-1.43492
0.0741902
1.11544
2.3583
-0.922765
-1.14287
1.86562
-0.654667
-1.30236
-1.18371
0.437631
0.260704
-1.08155
-0.480728
-0.47315
-1.16346
-0.842425
-1.25995
-0.498295
0.156507
-0.366854
-1.05504
0.837949
1.83561
-0.594712
-0.34061
-1.55756
0.881951
0.843139
-0.975754
0.0643577
0.117933
0.277474
0.267442
0.115126
1.07288
0.51895
-1.49002
2.1573
0.360769
0.302773
-1.15894
-0.315583
-0.127667
1.16457
-0.231658
0.314971
-0.836615
-1.21053
-0.398452
-0.410446
-0.206876
0.230308
-1.42652
0.824671
0.559004
-1.36696
-0.204949
1.50776
0.400244
0.0588452
-0.262512
1.09255
2.27832
-0.185126
0.481671
0.274123
2.69006
-1.5964
0.354354
-1.93778
-2.72892
-0.545486
-0.769783
-2.36353
0.00400469
0.979191
0.123031
-0.610041
0.504775
1.4258
-1.89621
0.298696
0.402108
0.131324
-2.26416
1.45085
-1.13269
-0.673258
0.551601
-1.98769
-0.847029
0.193899
-0.51222
0.753255
-0.533074
0.931023
-0.711746
-0.162591
0.442454
-0.295923
0.149086
-1.95275
0.791096
0.666418
1.02098
-1.29871
-0.705431
0.23365
0.966448
-2.08012
0.255462
0.52209
1.42761
1.63655
0.551637
-1.16615
0.00550408
-0.587137
-0.228784
-0.226105
0.336379
-0.625135
0.513306
-1.20368
1.22255
1.8979
0.494428
-0.83116
-0.653412
-1.20262
-1.23415
0.0756589
-1.46748
0.190292
0.799567
-0.663821
1.46053
0.383201
-0.51694
0.946708
-1.00732
0.0698786
-1.2899
1.5891
-1.27704
0.371284
-1.04821
0.735974
-0.124171
1.39092
-0.180574
-1.4648
0.0791041
0.433553
-1.81111
1.28857
0.711218
0.72085
0.287125
1.39704
0.20665
0.354391
1.44805
-0.233853
-0.587562
-0.222852
-1.25526
0.15495
-0.798826
-1.70664
0.178459
-0.881973
-0.683407
0.472889
-1.10513
-1.12947
-0.65558
-1.9988
-0.16444
-1.2854
0.0355355
1.63227
0.650881
1.17672
-0.992826
-0.40492
-0.644957
2.32773
-1.94884
1.97593
0.228884
1.19653
0.573603
1.13725
-0.910788
0.769097
1.46678
-0.558329
0.361451
-0.528302
-0.67985
1.17765
1.02076
0.0253761
-0.194437
0.295065
1.94766
0.727809
0.175367
0.201075
0.462245
0.650181
-1.14302
0.212803
0.353933
0.165958
-1.15134
-0.110644
-2.12055
-0.436217
-0.118911
0.935302
1.53426
-1.00821
0.159455
2.22665
-1.25133
-2.27861
-0.245714
1.83544
0.496778
-1.03359
-1.39792
1.59367
-1.27942
1.07307
-0.291779
-1.38563
0.223897
2.03906
-1.38168
-1.06155
-1.72195
-1.64689
-0.899705
0.767193
-1.93172
0.192848
-0.641501
1.08457
0.00495151
-0.139468
1.73283
0.0158642
0.103731
0.929569
-0.390488
-0.754963
0.429672
1.98247
-0.624782
-0.403984
-0.00480047
1.17781
-1.37079
-0.701645
1.3438
1.16784
-1.26954
-0.834313
-2.68099
-0.942332
-0.99176
-0.379118
0.227512
0.844377
-0.841753
-1.08762
-0.374059
-0.898936
0.198895
0.216032
-0.548978
0.200813
-0.298344
0.3277
-2.38934
-1.25814
-0.396372
0.953846
-0.161214
-0.826371
0.418525
0.0126238
0.175109
-0.710274
-1.53007
0.768677
-0.360236
0.99401
0.859985
-0.82318
-1.57137
-0.944783
1.00959
0.969177
-0.156581
-0.25873
-0.945787
-0.900077
-0.207929
1.09841
-0.256234
0.432254
0.19356
0.219638
0.298776
0.337307
1.15522
0.457656
-0.290118
0.328232
-0.714585
0.914339
-0.847773
0.674357
1.94281
-0.257693
0.178559
-0.472194
2.22038
0.367997
1.14924
0.74703
-1.76486
-0.922975
2.11229
-0.345121
0.948721
1.06502
0.629875
0.0545331
0.47252
-0.888714
-1.39171
-0.320237
0.818379
0.169462
-0.267749
0.184572
-0.0663397
0.713754
0.0982367
2.45049
-0.60539
-0.0156423
-0.909654
0.877427
0.092407
-0.688946
0.7331
-0.207583
0.989288
-0.335136
0.0401885
-0.355226
0.533018
0.0593569
-0.589596
-0.00348832
0.164527
1.51431
-0.674894
-1.26427
-1.20491
-0.317638
0.276426
-0.0309166
-0.27411
0.0805667
0.962106
-0.783165
0.363233
0.498823
0.986913
1.14841
0.992997
-0.440537
-0.850904
2.38568
1.1082
0.0496702
0.860126
-1.11228
0.920961
-0.918305
-1.59635
0.692844
0.240839
2.33286
3.06007
0.565274
-0.66902
0.939307
0.951849
-0.698643
-0.731057
1.28005
-0.0748094
1.71872
0.302973
0.675617
-0.989863
0.658678
-0.930014
-0.689876
-2.32743
-1.28587
-0.188138
0.756493
0.0502973
-0.497063
-1.16683
0.40502
1.52782
-0.479297
1.53592
0.340127
-0.00811952
1.89326
-0.354646
-1.33999
-0.734792
-0.191609
0.957225
1.47857
-1.1781
0.320169
-1.32401
-1.30999
-0.514319
-1.55611
0.785207
0.380296
-0.212535
-0.25759
-2.15173
-0.178259
-1.55443
-1.13488
1.22264
-0.699057
-0.672823
1.36644
-0.598335
0.153938
-0.581292
-0.939893
-0.267818
0.345305
-0.748684
1.34678
1.23212
-0.266345
-0.0720582
-0.848955
-0.160166
-0.209241
-0.829561
-0.455065
0.432727
-0.808967
-0.0607249
-0.21654
0.0117503
1.04364
0.670132
-1.14237
0.292657
-0.315692
-1.72142
-0.0334312
-0.673105
0.00499546
-0.469971
-0.84479
-1.20557
1.16261
-0.675109
-0.389707
0.0254977
1.1836
-2.23615
1.1549
1.41941
0.401308
-1.11482
-0.256477
-0.201378
-1.41323
0.0129216
0.561249
0.103056
0.983551
-0.168128
0.132356
0.373811
-1.57492
-0.929411
2.01416
2.23679
1.58926
-0.945542
-0.768286
-0.654453
0.619976
0.926444
2.40362
0.594803
0.753881
0.415502
-0.965945
-1.21515
0.09955
-0.56863
0.633974
0.879827
0.199538
-0.459969
-0.400644
1.22183
0.661964
1.94071
0.469801
-1.70845
-1.0028
-1.00098
0.0505642
-0.375508
1.70563
0.285202
0.0953333
0.885522
-0.755166
0.562415
0.0642314
-1.05911
-0.483483
-0.496743
-0.0137152
-0.716293
0.165909
1.40963
1.15172
-0.966931
-0.570978
-0.0116279
-0.806479
-0.533322
-0.270453
0.33982
0.372545
-0.0835216
-0.185976
-0.0791389
1.07147
2.0554
-0.233189
-1.34364
-0.455119
-0.894025
1.67909
0.774776
0.0472131
-0.469941
-0.0568016
0.554379
-1.54201
0.761271
0.759255
-0.489711
1.79944
-0.839755
0.682284
1.1259
-0.638007
2.3598
-0.375274
1.03503
-1.20004
1.84245
0.541608
1.27701
0.38726
1.34324
0.477323
0.396073
-1.29605
2.14959
1.03479
3.05716
0.290481
-0.302077
0.331993
-0.374846
-0.757482
0.173797
1.89417
0.0697923
0.749071
-1.27875
0.0231449
1.15304
0.647226
0.366406
-0.251349
-0.741695
0.56447
-0.919617
1.38475
1.10272
0.749071
-0.313027
0.282264
0.421728
0.774323
-0.373862
0.472764
-0.321715
0.89281
1.00461
1.24258
-1.03403
0.965925
-0.685366
2.10278
-1.68699
0.588712
0.263387
-1.98711
-1.97362
0.698093
-0.270957
-1.10731
-0.362697
-0.430318
-1.85245
0.243955
-0.700614
0.619431
-0.74157
-0.233812
-0.836509
-1.19022
-2.00076
-0.143089
0.880679
-0.794886
1.19534
-0.0733438
0.7256
1.20936
-0.41639
1.57522
-1.77306
0.259886
0.523192
1.4387
0.519909
-0.994686
-1.8164
0.952025
1.26526
0.427359
-1.70659
1.11173
1.05133
0.0837725
1.08623
-1.24104
0.0360654
0.377393
0.11065
-1.29872
-0.244892
-0.681815
1.62944
-0.633221
1.61165
0.771148
1.58725
-0.555928
1.35039
0.581473
0.997328
1.51109
-0.395831
1.13291
-1.62444
0.6884
-0.570865
0.477068
-0.554159
0.799325
-0.393536
-0.276481
-1.79691
-0.316626
0.388191
0.31577
-0.527608
0.941846
-0.0436019
0.957509
-1.10279
0.0782604
0.603153
-0.399373
-0.285343
-1.55597
0.253485
0.213133
-0.0405311
-1.46963
-0.831721
-0.0814713
3.18355
-0.934745
-1.01498
-0.359461
1.72446
-1.79227
-0.62619
1.56709
-0.739533
2.05558
0.136715
2.02117
0.640257
0.165753
-0.374259
1.86188
-0.978983
0.98074
1.37671
-2.61344
-1.3231
1.85776
0.0524994
-1.74545
-1.08741
-1.16367
0.930011
0.0956669
-0.0741887
0.9524
1.31787
-0.199465
0.903948
-0.682262
-0.167575
0.766122
-0.518761
0.223335
0.0222079
1.10761
1.33723
1.03347
0.784835
0.375732
-0.994831
-1.09546
-0.465024
-0.668887
-1.17031
1.53827
2.93696
-0.196549
0.115355
0.911777
-0.412573
2.04991
0.520808
0.613745
-1.00241
-0.899094
0.39067
1.40458
-1.32649
-1.04343
-0.0361747
-0.360094
-0.734823
0.622782
0.198807
-1.66614
0.149935
-0.768468
-0.667855
0.745168
2.86473
1.21057
0.530891
-0.617797
0.402452
0.0534457
1.19344
-0.73602
1.16333
-1.41924
-0.55953
-0.554249
0.229629
-1.2015
0.431186
0.823254
-0.102393
0.0727871
0.948883
-0.0801838
-0.210398
-0.00948662
-0.738527
1.37331
0.234514
-2.23186
-0.583741
-1.15783
1.08115
0.759909
1.11833
-0.104286
-0.770906
0.037344
0.717376
-0.523591
-1.14644
0.285032
1.78984
-1.37379
1.95001
0.170507
1.39438
1.30648
0.323158
0.688314
0.541999
0.519103
-0.379852
0.166628
-0.490448
-1.43891
-0.773433
0.0520136
0.579687
1.48347
0.070028
-0.077765
-0.933102
1.37791
-1.24993
-0.0856146
-0.0165864
0.446279
-0.93937
0.822907
-0.169385
-1.02124
-0.888644
-0.132687
0.113951
-0.966807
0.0924025
0.699075
-0.0998354
0.725508
0.204257
0.216339
-0.680638
-1.76618
-0.521706
2.44532
0.861103
0.826311
-0.162696
1.12731
0.881481
-0.928154
0.117083
0.208533
-0.660333
1.8878
-0.13687
-0.120133
1.288
-0.816105
0.88252
1.48153
1.724
0.721519
-0.910764
0.303334
-1.0967
-0.837355
-1.81449
1.9329
-1.10887
1.71543
-0.993818
0.386546
-0.0314368
1.17207
-0.151842
0.926889
0.139634
0.868445
-0.0908353
1.27622
0.544549
-0.319621
1.73849
-0.573239
0.766536
-0.0863629
-0.0540735
0.147526
0.195432
-1.05236
-2.24698
0.581864
0.681392
2.25126
-0.0338411
0.137754
-0.626673
0.523049
1.20822
0.880335
-0.203589
-1.23824
0.548645
0.137819
1.23618
-1.46223
0.756796
-0.0314108
-0.0362293
1.42764
-0.3463
0.538398
-0.622973
1.66125
0.539175
-1.68563
-0.328187
0.958611
1.28474
-0.301087
-0.41001
0.0769384
-1.40211
0.288426
0.733264
0.131926
0.302904
0.129452
-1.80042
-1.24607
-0.698412
-2.25068
-0.168676
1.36019
-0.965058
0.564713
0.0504462
0.825274
0.939215
-1.32418
-1.31808
0.189086
-1.52876
-1.49079
-0.200435
-0.49872
0.493464
0.345058
1.41417
0.313188
0.800673
0.471938
-0.269255
-0.811446
1.32908
-0.231685
1.01874
-0.178268
0.856579
-0.620027
0.0149136
1.22636
0.3862
0.32117
-0.860057
0.0650411
0.154569
0.894574
-0.850134
-1.08535
-0.347649
0.501724
0.778726
-1.23754
-0.974844
0.175248
1.85448
-0.743484
0.0228725
-2.03791
-0.910598
0.496495
0.847724
-0.337791
0.720393
2.157
1.64097
-0.230301
-0.263386
-0.339268
-0.950926
-2.05801
-0.186126
-0.339281
-1.10537
1.17824
1.33346
-1.35493
-1.68551
1.46947
-0.252255
1.12425
0.789078
-0.634285
0.192498
0.145083
0.799316
0.320363
-1.00051
-1.14392
-1.42798
-0.852783
-0.742563
0.42483
-0.861743
0.546374
1.04449
-0.615371
0.508436
2.50109
0.0981869
-2.24282
0.38149
-0.0554157
-0.0248782
1.56592
1.99374
-1.03099
1.46085
-0.511921
0.645805
-0.851649
-1.38066
1.64781
-1.16839
-0.182685
0.0365097
-1.16861
-1.55155
0.266899
-1.88479
0.27833
0.400973
0.111755
-1.53104
0.281492
0.201983
-0.997136
2.02734
0.341175
1.30073
1.63036
0.337135
-1.0414
1.88504
-0.204356
-0.428402
-1.22843
0.594887
-0.893499
-0.160102
-0.790143
-0.966545
-0.544831
-0.0380398
-1.58996
-0.479222
0.464502
-0.259408
0.657639
0.0439209
0.249095
0.241818
0.779662
0.379149
-2.11479
-0.711029
0.613043
-0.336925
0.175796
2.04244
-1.21726
-0.722054
-0.914479
-1.06423
-1.18492
0.450898
-1.24481
0.125024
0.00210696
0.460296
0.577203
1.82283
0.321513
0.404442
0.8819
-0.362422
-1.04346
-1.38044
0.540132
-0.557451
-0.673378
-0.981209
0.546149
-0.477276
0.0603688
-1.75925
0.114243
1.70077
1.44576
0.639654
-0.606386
0.788003
0.285314
0.177215
0.262044
-1.533
0.651273
-0.955322
1.67795
-1.31972
1.03741
0.505324
0.603459
0.226541
-0.392658
-0.33573
-0.832389
1.64023
-0.310488
-1.39741
-0.545953
-1.15239
-1.51426
-0.212463
0.126603
-1.11049
-0.717451
0.171613
0.167222
-3.01259
0.322429
-0.675344
-0.074886
-0.102822
0.337666
-2.08016
-1.65424
1.78323
2.35096
-0.261992
0.0328754
0.97897
0.01169
0.0527553
1.30682
0.917336
1.64821
0.188706
-0.633865
0.229718
0.611832
-2.47324
-1.80508
-0.833303
-0.711073
-0.0272674
-0.343418
-0.318852
-0.848432
1.23132
0.157317
-0.472464
-1.04093
0.575303
1.58675
0.0772243
-1.13059
1.1584
0.651103
-1.73253
0.453827
2.51817
-0.939113
-1.36303
0.854919
0.691118
0.756022
0.285028
0.00363668
0.146591
1.208
1.75725
-0.751834
-0.711878
-1.55069
0.261264
-1.04449
1.38487
1.40554
1.49333
-0.4735
0.878107
1.87764
0.128969
-0.266223
-1.64554
0.23201
-0.761701
2.24059
-2.30782
2.26945
2.37676
-0.0861477
0.557377
-0.706135
0.00630998
-0.651805
-0.829315
0.156303
0.751986
-0.175144
-0.504399
-0.4126
0.37773
0.349439
-0.234999
1.41102
-0.929201
-0.676479
-0.109729
0.650344
-0.860934
1.04647
-0.963383
-1.14481
0.561619
-0.663859
-0.0287495
-0.467976
-0.803612
1.92462
1.27533
0.30739
-0.0903695
-0.713848
-1.40629
-0.354889
-0.128534
0.946202
-1.56684
-0.0528041
0.439256
1.10221
-0.067071
-3.11294
0.421012
1.06624
-0.577131
0.871154
-0.884981
0.965661
0.832659
-1.31053
-0.566559
0.869914
1.753
0.124556
1.56322
0.182386
0.176232
0.406811
0.444243
1.0305
-0.842402
0.0152373
1.32227
-2.08677
0.49433
0.75432
-1.25303
0.222789
-0.087016
-0.356913
-1.10135
0.698653
0.0549642
-1.12679
1.54685
-0.733459
0.102556
-1.31686
-0.0886404
1.54369
-1.14128
0.309415
-0.676122
-0.58445
-0.219361
1.14435
0.998435
1.96108
-1.34809
-0.887683
0.431806
0.745743
0.479785
0.962722
1.02905
0.678942
0.561608
-0.653191
-0.419935
1.05918
0.648292
0.000559886
0.172978
-0.310364
0.37705
0.962425
0.150032
0.354967
-0.0506329
-0.307379
1.19801
0.367098
-0.0494487
-0.722059
-0.787701
-0.921112
0.442519
0.259155
0.789214
0.898084
-1.07976
-1.63189
0.122936
0.614802
-0.651086
0.740302
-1.54047
-0.400281
-0.376318
-0.170619
1.08879
0.176082
0.516193
1.48517
-1.25891
-1.05341
-0.434387
0.841177
-0.70932
0.921245
1.7618
2.45503
-1.79487
-0.964193
-1.21624
0.516022
-0.5543
0.67733
0.601881
-2.91091
0.206431
0.588777
1.65932
-0.700873
1.00198
1.23688
0.351478
-0.819252
-0.916259
1.41962
-0.00350304
0.184455
0.313863
-1.458
-0.162279
-1.29141
0.107176
-1.73811
1.48303
0.104154
0.348509
-0.143356
-0.299364
-1.667
-0.200012
1.3043
-0.893905
-0.0308955
0.461731
-1.06752
-0.18629
0.568709
-1.30514
-2.03041
-0.170274
0.0866297
-1.08931
-0.150332
0.110218
-2.14672
0.204278
-0.190429
-0.520555
-0.853749
-0.127718
1.08523
0.467562
-0.323668
-0.442573
0.807485
1.11391
0.262756
0.349441
1.47581
-1.77391
0.445118
-0.817545
0.922247
-2.28759
-0.165412
0.384213
1.33521
-0.133788
-1.08083
-0.0794742
-0.645744
0.306319
-0.319094
0.81418
1.68797
1.46193
1.61367
-0.354251
-1.18951
0.646518
0.852116
-0.677524
0.275733
-0.46842
-0.83838
-0.944575
0.463432
1.10253
-1.49834
1.30944
-0.434895
0.289105
-0.449459
0.597869
-1.27623
0.177664
-0.0377495
0.555059
-0.486508
0.723397
0.339332
1.40045
-0.173011
-2.0162
-1.53126
0.603758
-0.560022
0.292575
0.0214679
0.249625
0.700002
1.29535
0.37051
-0.741752
-1.71976
-0.689311
-0.0621265
1.77736
1.32905
-0.602343
0.000712277
0.966124
-0.94208
-0.160143
0.987404
0.950339
0.00875531
-0.408053
-0.497988
-2.46262
-0.270378
0.266452
-1.71293
-0.954874
1.85131
-0.0738689
1.23611
0.416092
0.452862
-0.132745
-0.0640358
-0.461814
0.679485
0.297601
0.0808561
-1.35683
-1.54525
1.1756
0.790046
-1.79422
0.667494
0.204261
2.50497
1.33178
-1.76899
-2.09835
0.153272
-0.308995
-0.867173
2.0239
0.131638
-0.0694251
-0.481891
0.478935
-0.0785812
0.0217791
-0.115086
0.175665
-1.01141
-0.150561
1.69268
-0.448166
-0.240962
0.48134
-1.44275
0.186957
-0.517846
-0.775895
1.13307
-1.13468
0.154259
-1.22767
-0.943869
-0.571617
-3.68261
-0.03284
1.34388
-1.06557
1.10962
-0.589546
-0.815893
0.860099
0.84258
0.964956
-1.15402
1.06653
-0.768771
0.42808
0.105925
-0.308283
0.698893
0.0619555
-1.64728
-1.65154
-0.45285
-1.66303
-1.04838
0.670708
1.0019
0.322649
-0.543204
0.87006
-1.18801
-1.6963
0.660845
-0.299613
1.10756
-0.992964
1.60644
-0.439925
0.300444
-1.60609
-0.0137223
-1.80453
-0.972383
1.0556
-2.47258
-0.12287
1.13064
0.505016
1.57046
0.372661
0.0858145
0.849919
-0.183298
0.347344
-1.16167
-1.07671
1.29004
1.41966
-0.959934
1.11969
0.98799
-0.364529
-1.97333
-0.836687
-1.03704
-0.0570661
0.172052
1.35343
-0.571855
-0.70213
0.921575
-0.728476
2.17959
-0.208715
0.287954
-0.323882
0.276237
-0.620127
1.41117
0.823846
-1.06297
1.71963
0.687118
-2.05432
0.562993
-0.413392
-0.976499
1.6916
0.167936
-0.63873
-0.402617
0.407772
0.545951
-0.50799
1.00377
-0.291023
-1.21253
0.576039
-0.786703
0.033145
-1.60922
0.216674
0.0905048
0.769874
1.58808
1.96483
1.65908
-0.277343
0.00623738
-0.65986
-0.875495
0.367131
1.47388
-0.695363
-0.214079
-0.810887
-0.223018
1.51779
-0.691711
1.13395
-0.00456304
-0.95464
1.20491
-0.848764
1.10167
-1.30224
0.531208
-1.08543
0.291499
0.196107
-0.680904
0.396243
0.726183
1.29993
-0.374291
-1.12419
-0.195469
-0.9283
-1.36404
-1.1991
-0.648152
1.31859
-0.667393
0.327301
-1.05999
-0.344489
-0.66647
0.34995
0.364055
0.458358
0.399219
-0.962633
2.12974
1.98717
-1.60627
0.876858
-0.824725
1.47971
1.18411
-0.124393
-0.0323004
0.184187
0.568133
-1.07197
0.668687
0.0887624
-0.834342
-1.19287
0.736613
-0.361681
0.216181
-0.50172
-0.00565963
0.488691
-0.853266
0.908704
-0.686389
-0.337503
-0.766045
-1.89616
0.953417
0.487816
0.157954
-1.33377
0.935762
0.05314
-0.530652
-0.442499
1.60329
-0.646203
-0.997558
0.1148
1.20927
-0.543548
-0.739826
-2.34052
0.92948
-0.234109
-0.791765
-1.07975
1.00339
0.204464
-0.677146
-1.14459
1.13333
0.698585
-1.38205
0.0034394
-0.73652
0.196084
-0.616592
0.629201
0.0103772
1.82728
-0.150961
-0.573857
0.0164257
0.68588
1.31912
-1.46319
-0.00570176
0.152071
0.58544
0.757771
-0.907107
-0.257954
-0.559489
0.948934
1.50148
0.08658
0.921211
-1.43384
0.46868
1.15588
-0.510482
1.28433
0.734614
-1.40494
-0.39981
0.00953518
0.31283
1.76252
-0.325349
0.200786
1.17744
0.606525
-0.823961
1.67902
-2.98692
-0.93324
-1.11422
-1.10211
-0.640759
-0.0562725
-1.17023
-0.456726
2.11956
0.0113549
1.96427
0.937236
-1.13592
1.46522
0.847729
-0.423752
0.00865062
-0.125249
-2.11971
0.331124
0.938362
0.306256
0.00320582
1.05938
1.13107
-0.579349
-1.66657
-0.819435
0.215049
0.29883
-0.0939714
0.652092
-0.425018
1.74087
-2.01609
-1.4145
1.47142
-0.436749
-1.17897
2.00824
0.935199
-0.466062
0.688742
0.206235
-0.473435
-2.00069
0.0220136
0.311486
0.850943
-0.854247
-2.4473
0.463982
0.718809
-0.628957
-0.344696
1.29176
0.58791
-0.125455
0.140958
-1.35022
-0.453329
0.542075
1.0173
1.57402
-0.508546
2.14094
-1.33153
-0.369909
-0.959487
-1.99092
0.139778
-0.771011
-0.126674
-0.771049
0.656787
-0.0684084
-0.342407
-1.80258
-0.781585
-0.493536
-0.340347
-2.29909
-1.05591
1.12464
-0.239088
0.301034
-1.61868
1.57031
1.63332
-0.390301
-0.545604
1.48268
-0.312503
-0.437346
1.38687
-0.792451
2.44008
0.52727
-0.623117
0.306293
1.15753
0.156778
-0.788203
-0.786666
0.779901
-1.12285
-0.300768
-0.43429
0.572343
0.919291
-0.885655
2.16958
0.498614
-0.507438
-0.0349852
-0.0987632
0.288686
-1.71425
0.405508
1.60221
0.662176
0.817369
0.682298
0.967707
0.99492
-0.228257
-1.30378
1.58204
1.28139
2.1256
0.750522
1.102
0.941185
0.422711
-0.329997
0.419299
-0.636421
1.38951
-0.907967
-1.07472
-1.40068
0.351476
-0.341652
-0.557427
1.31557
0.549249
-0.438768
0.482749
-1.28171
0.362828
2.63945
0.0948959
1.36639
0.279187
0.581473
-1.86974
-0.0550486
1.03621
-1.18898
-2.16265
0.114094
-0.752703
0.185727
3.16999
0.492027
-0.347616
-0.107013
-0.885427
-0.254606
0.0548331
-0.312596
-0.121716
0.193102
-0.316883
2.1487
0.106858
1.70914
0.0736025
-1.19776
0.119869
-2.59122
-0.466292
1.29494
-0.731138
-1.14508
-0.412575
-0.367279
1.20622
-0.418009
-0.410357
0.560717
1.64376
-0.911463
-1.02391
1.50528
0.506987
-0.566424
0.352453
-1.93177
1.05809
0.994823
0.0541104
-1.02151
-0.664219
-0.574902
-1.38908
0.24097
0.582856
-2.11139
-0.012241
-0.133223
-1.06182
-0.924011
1.80838
0.0245643
2.51679
1.43265
-0.657842
-0.865589
-0.402994
-0.35466
0.733218
-0.0998448
1.17211
-0.126655
-1.15209
0.185915
1.70528
0.984235
0.587144
0.486062
-1.12946
1.0796
0.313702
-0.0562011
0.700583
0.0360209
-0.367078
-1.0729
-0.457508
0.156036
0.848474
0.344224
0.358088
0.210939
0.161089
0.669839
-0.854088
0.130428
-0.829831
-0.305236
1.44466
1.03231
-1.40023
-0.601551
1.48774
0.59415
0.257072
-0.0982226
-0.541229
-0.151757
-0.433425
0.0421934
-0.524856
0.00265958
0.704933
-0.197185
0.903293
-0.372611
0.457028
-0.785423
0.296602
-0.485251
-0.169423
-2.36138
0.332903
-0.297384
-0.272454
0.27296
-0.108993
1.18756
0.774538
0.129681
0.0873904
-0.607415
-0.816809
-0.335913
0.955842
0.0793515
2.29413
-0.0403235
-0.859651
-1.16073
0.54247
0.992313
0.870606
-0.892991
-0.165524
0.00211631
-0.186658
-0.160124
0.449592
-0.676177
2.19753
-1.4495
0.271585
1.4699
-0.567096
1.00561
1.24409
1.64753
-0.290051
0.660759
-1.27097
1.25927
0.466
-2.61946
0.0773512
1.41822
-0.120285
1.13106
-0.606142
-1.04048
-0.469008
-0.752898
-0.18508
0.453954
-1.28935
-0.827888
-0.0292852
-1.12078
0.469719
0.300981
0.802747
0.630941
-1.15332
0.760689
0.611329
-0.884053
0.202081
-0.285063
-1.10265
1.0943
0.405566
0.0863479
1.59916
-1.6432
-0.00512793
0.551144
-0.604118
-0.032277
-0.257298
1.13488
-0.808094
1.17557
-0.151473
-0.848164
-1.28652
-1.50602
1.33658
-0.515027
-1.39075
-0.353313
1.40001
0.0965495
0.595241
-0.849818
1.93005
-1.52836
-0.185752
-1.94498
-0.122823
-0.716566
2.70349
-0.0672922
0.499253
-0.469392
-0.320479
-0.0734473
1.21113
1.1908
-0.665991
1.22841
-1.17892
-0.922242
-0.603159
0.221133
-0.399937
-0.010701
-1.22852
-2.26546
-1.42505
-0.453617
-1.26027
-0.0418185
0.469144
0.962048
0.666946
1.33817
-1.52225
-0.774165
-0.0350515
-0.573484
0.167636
-0.537147
0.503182
2.10699
-0.693599
0.321748
-0.508234
-0.0794208
-0.66707
-0.832364
0.805024
-1.27486
0.424172
0.461004
-0.366035
0.715753
-0.689226
-1.68855
-0.179042
0.985371
-1.27937
0.639184
-0.493042
0.0738769
0.65822
-0.0465361
1.01101
0.284461
0.0299938
-0.4798
0.811843
-0.828365
1.16164
-1.71233
0.361825
-0.397855
-1.25836
1.16517
2.43622
-0.300088
0.383879
1.02544
-0.147041
-0.088663
1.2208
-0.79083
-1.38361
-0.935077
-1.50706
0.572008
-0.880577
0.294269
0.74858
-0.767294
-1.52859
0.66959
0.460469
-0.412789
2.44719
-0.0450679
-0.671442
-1.00086
0.242815
1.03985
1.40443
-0.222813
1.25457
0.227851
-1.25135
-0.131016
1.2849
-0.695346
-0.567126
0.404672
1.3777
0.484338
-0.217309
0.496138
-1.09053
-0.21135
-1.80755
0.0218638
0.244397
-1.12521
0.00610548
-0.149459
-1.03558
0.424538
0.126207
0.42029
0.975724
-0.555698
0.768519
0.0803789
-0.392367
0.0213933
0.644259
0.336994
0.102341
-1.27016
0.573506
-0.463784
-0.601343
0.186754
0.503719
-1.82071
0.0996315
-0.747915
0.315051
-2.27085
-0.0825144
-0.983501
-0.548706
1.35719
-0.855616
1.37346
-0.706327
0.689156
-1.09188
-0.420191
0.0569648
1.10313
2.77632
-0.103188
-0.653035
-0.00799535
0.620579
-0.326442
-0.334243
0.214535
1.083
1.37622
0.772624
0.295393
-0.240334
1.13031
0.691454
1.79501
0.230051
0.0301774
0.648343
-1.1254
1.22023
1.24
-1.16984
0.852998
-0.377306
1.18906
1.27797
0.457834
-1.45292
-1.16095
-0.00486778
0.075672
-0.875931
-0.276313
0.652974
0.161217
1.61944
0.12723
-0.618191
0.787044
-0.303652
-0.590242
0.116296
1.28682
0.128719
1.45118
0.214424
-0.179645
0.117082
1.08031
1.40607
0.955667
0.578183
0.139514
-1.33941
-0.284398
1.46266
0.082789
-0.183403
-0.180899
-1.87921
0.0591131
0.297284
0.395161
0.061374
0.809023
1.73787
-0.608285
0.308997
0.0452214
-0.388123
0.196836
-1.82392
-1.32886
0.581083
0.538472
0.264109
1.87954
0.921729
-0.309394
1.49246
-1.21289
-1.51875
0.195802
0.0346664
-0.335394
0.372017
-1.19301
1.09989
1.01218
0.082653
0.1358
0.764602
-0.590024
-0.179078
0.070535
-0.563397
-0.00710856
-2.28849
1.57275
-1.43147
-1.5453
-0.460031
-0.420975
0.420609
-0.960937
-2.25022
1.65002
1.82487
0.792736
-0.382258
-0.562201
0.710422
-0.960986
1.44943
1.01529
-0.558533
1.05341
0.802486
-0.664929
-1.40082
-1.70351
-1.05348
0.419172
-0.768956
0.337967
0.599708
0.0332069
-0.994569
-0.59126
0.602288
1.79804
0.790878
1.8409
-0.137971
0.390541
1.06783
0.942386
-0.511108
1.56002
0.54914
-0.139977
-2.4751
-0.279421
1.31254
-1.60479
0.656081
-0.181622
-0.877107
0.219252
-0.395844
0.464545
1.78943
0.0988782
-1.31821
-0.571452
-1.12274
0.0550082
-0.36997
-0.402664
-1.12296
-0.378954
1.00233
-1.12511
0.755063
0.218163
-0.0966475
-0.850277
0.476589
-0.398077
0.0239057
1.23467
0.486269
0.357069
0.270907
0.06197
0.81199
1.60669
0.198079
0.278216
1.83241
-0.622448
0.135731
1.74286
-1.43842
-1.23285
-1.8489
-2.21764
-1.57649
-1.38562
0.726298
0.136228
0.106345
-0.632349
-0.805927
0.959037
0.0225082
0.67187
0.110472
0.346888
-0.184518
0.350312
1.1893
0.188869
-1.79084
0.397464
0.535182
-0.0555299
-1.13132
1.12537
-1.46727
-0.86131
0.737072
-1.03908
-1.69284
0.126053
-0.432649
0.764678
0.205017
0.274392
0.332484
-1.14318
-1.27347
0.532969
-0.972404
-0.715178
0.46205
0.812104
-0.430088
0.819517
0.142615
0.163622
-1.82103
-1.89601
-1.04622
-1.4402
1.07706
-1.08798
0.480313
-0.166837
0.597423
-1.00566
1.32192
-0.623379
0.19577
-0.567803
-0.694153
0.93641
0.391306
0.62204
-0.291183
-0.315571
0.338355
-0.206574
2.08595
-0.445117
0.251647
0.827779
0.695385
-1.66382
-0.779158
0.604223
1.08444
1.41688
-1.44719
0.834828
0.616887
0.57767
2.78663
0.834388
-0.585635
-2.03937
-0.566368
-1.80808
-2.09684
-1.55802
0.67561
-2.28474
0.323132
0.738735
1.16585
0.551612
0.5126
0.317863
-0.291029
-1.32029
-0.495083
1.74982
-0.669409
-0.791336
1.11288
-0.573607
2.02343
-1.45374
-0.184924
-2.08386
0.0915403
0.795981
-2.09827
0.625994
1.44422
-1.04857
1.8922
-0.32752
-1.18945
-1.46303
1.435
-0.649512
0.639529
-0.856234
-1.66461
-0.633794
-0.576242
0.151983
0.599666
-0.684114
-2.02062
0.62109
-2.0928
-0.735157
1.63206
0.108302
0.869815
-0.0783914
-0.441595
0.995388
-0.908521
-1.40973
0.274423
-1.0847
0.194515
-0.177257
-0.427714
1.593
0.589709
-0.621095
1.13772
0.505692
1.00144
-0.10171
-0.659631
0.592841
1.21207
-0.140359
0.734248
0.375985
-1.14072
-0.379101
-0.597841
-1.66482
1.08136
-1.0383
-1.17164
2.22027
1.79233
-0.710527
-0.437602
-0.099038
-0.0580703
-1.0329
-0.146804
-0.721721
0.685085
0.150249
-0.937674
-0.0343163
-2.18688
-0.792551
1.31924
-0.32301
0.425701
-0.220406
-0.097424
0.238753
1.20957
-1.19191
-0.39358
-0.129245
0.512675
-0.175315
1.12643
0.369869
0.0281581
0.452221
-0.536337
1.94978
-0.463143
-1.02212
1.09611
-0.659002
0.273177
0.385354
-0.278306
-1.15497
1.16849
-0.848079
0.456693
-0.518145
-1.41138
-1.81907
-0.572486
-0.105521
-0.752308
-0.479257
-0.709677
-1.27256
0.118553
-0.128987
-1.82609
-0.601923
-1.79143
-1.14426
0.189657
1.08062
-0.949851
1.27826
0.241424
0.235484
-0.702219
-1.57418
0.543822
1.60194
-0.605183
0.253573
-0.237865
-2.03974
-0.323734
-0.981177
1.10984
1.81578
1.23693
0.301893
1.35596
-0.0934584
1.2729
0.0747926
0.530184
-0.146652
-0.833318
0.707283
-0.313801
-1.06386
0.712499
-0.375828
-0.74464
-0.009209
-0.765288
1.08108
-0.72888
-1.11328
-0.325214
-1.92606
-0.849536
-0.645609
-0.931646
0.652782
-0.68378
-1.19981
-0.858984
-0.110498
-0.373139
1.00894
2.20786
0.605489
-0.345535
1.61857
0.336616
0.802174
-0.640579
-0.366812
-0.928108
-0.199403
0.42666
0.339605
-0.535852
-0.299855
0.304547
1.54173
-0.170812
2.0816
-0.175306
0.0649689
-2.50454
0.331078
1.69496
0.388068
-1.31758
1.04575
0.244044
-0.352129
-0.127535
0.0561758
0.837906
-0.245097
-0.00939906
1.25524
1.09698
-1.78809
-0.423622
-0.0150118
1.01461
-1.32437
0.729577
0.483104
-1.10021
0.320862
-1.32697
0.203419
1.28656
-0.916172
-0.605998
1.33259
-1.88577
-0.44578
0.168246
-0.673002
1.17525
0.223302
-0.40707
-0.0541006
0.0680405
-0.818242
-1.36726
0.639922
-0.833961
-2.29196
1.63557
-1.04504
-0.464369
-0.712549
1.70325
0.391367
-0.150568
-0.0281233
-0.105259
-0.0411082
2.11812
0.21405
-0.22593
1.15177
-0.381992
0.0364716
2.3615
-1.33576
-1.66567
-1.63314
0.249974
-1.06444
-0.0378628
-0.66613
-0.963892
1.81539
1.31177
-0.141531
-0.355916
0.109248
-0.521308
-0.870363
0.0734403
1.55207
0.238026
0.872346
-0.529266
-0.576698
0.293083
0.631428
-1.28988
0.731693
0.39782
0.0850094
0.158643
0.448581
-0.550529
0.156727
0.492198
-0.170329
0.680564
0.0535328
-0.212554
1.04425
-0.603324
0.365165
-1.16545
-0.903688
-0.999803
0.0965151
-0.846822
0.751669
0.0889248
0.517208
1.12634
0.865849
1.27021
-2.03195
0.391988
0.399709
1.34458
-0.808791
0.0212507
-0.0860347
0.742305
-0.277826
-0.0628001
0.544453
0.668292
1.70792
-0.611165
-1.13511
-1.76393
-0.307989
0.78666
-0.241195
-0.162507
0.233388
-1.55505
0.748247
0.417523
-1.36685
-0.222854
-1.20139
-0.670325
0.563047
0.603403
-1.98829
1.74571
1.18425
0.146241
-0.24877
-1.53509
-0.995366
0.077722
-0.536548
0.513215
-0.217716
0.0614681
-0.777164
1.86696
2.19588
0.87181
-1.0627
0.718501
0.706178
-0.56967
-0.663711
-0.0130882
0.932221
-0.804711
0.837812
0.395399
-0.90042
-0.109579
-0.0348761
-2.34291
-0.660805
-0.0989678
-0.0591384
0.0525841
1.52832
-1.03663
-1.02577
0.952978
1.06592
-1.15633
0.645844
0.392608
-0.666646
-0.513876
0.112609
0.868389
-0.0521509
-0.190008
1.28849
-0.530778
-1.5646
2.16973
-0.555721
1.54003
0.58813
2.84278
-0.674234
0.387747
-1.09462
1.22095
-0.55619
-0.370854
1.56453
0.385073
0.0118294
0.104298
-0.704248
-1.12284
-1.55543
0.217435
1.4367
-0.0992734
0.168557
-1.58158
0.0954414
-0.0563807
-1.04859
-0.396543
0.00880773
-2.12983
0.108243
-0.183285
1.4326
0.527125
-0.766571
0.465325
-0.289716
-1.50413
-0.280479
0.934823
1.05786
0.0726629
-0.436226
-0.346089
-1.14467
-1.04175
-0.77185
0.55319
-0.806478
0.0396571
0.193589
-0.0632458
0.486808
-0.246375
0.471545
0.855194
0.0279749
-0.278763
1.66835
1.03528
-1.18538
1.15297
-0.847799
0.0435589
1.34454
0.115796
0.715861
1.00256
-0.915585
-0.328391
-0.170136
1.59645
-0.550163
-1.36422
0.878106
-1.15448
-0.655719
0.736246
-1.8308
1.43011
0.038794
0.0880409
0.103428
0.242964
0.30053
-0.589701
1.79984
-0.204884
0.128192
-0.235197
-1.61516
-1.68892
-0.91745
0.856629
2.20043
1.46888
0.856201
1.74768
-0.958092
-2.71576
0.250992
-0.697072
-0.153883
1.03493
-0.715455
0.692733
-0.881838
2.36757
1.35562
0.852857
1.19904
-1.12961
-1.15054
0.0761035
-1.01398
0.564456
0.0967669
-0.201568
1.02771
-1.14051
0.901569
0.6634
0.274676
0.281025
-0.847596
0.366424
0.257658
-0.391244
-0.272883
0.647145
1.60234
-0.392784
0.190641
2.19165
0.147263
0.475553
0.713906
0.111642
-0.671226
1.51388
0.041584
0.578976
-0.0955111
-0.575753
1.42636
0.122801
-0.162317
-0.423587
1.51688
-0.134196
1.28391
-0.532767
-1.12171
1.72261
-1.68119
0.919759
-0.40053
0.282866
0.192826
0.443766
0.585206
-1.13579
-0.0393034
-0.070137
0.548305
0.626134
0.218562
0.409489
-0.785585
1.60294
-1.30694
-1.2179
-0.720834
0.773743
0.031125
1.27405
-0.0826739
-0.982098
0.239395
0.954536
0.494261
0.283606
0.988011
1.34538
1.60002
-0.842782
0.270106
0.0293936
0.362445
-0.401921
2.0182
-1.26155
0.526685
-0.127501
-1.2725
1.68925
0.582168
-0.489189
-0.990347
2.00259
0.0861559
-0.505236
-0.975762
0.618969
-0.584335
0.453701
-0.531427
0.645018
-0.324423
-0.375731
-0.707019
-1.02418
-0.445901
0.283842
-0.189792
0.134164
-2.51319
0.0828059
0.999569
1.5987
0.0570998
1.58244
0.732836
0.864029
0.690862
0.24126
-0.221382
-1.3636
-0.774479
-0.255109
0.655807
-1.79162
0.856218
0.884288
0.121476
1.06516
0.446963
0.901982
-0.815672
0.654891
-0.825826
-0.284244
-1.60516
-0.919787
1.67098
-1.42802
-0.210067
-3.01319
-0.115531
0.748856
-1.83103
-0.549111
1.04247
-0.869169
1.47074
1.59726
0.442016
-0.593336
0.41719
0.735373
0.801943
1.38737
-0.153083
-1.1795
2.11345
1.66488
0.487847
0.786938
-1.33367
0.889689
-0.957485
0.825138
-0.95397
-0.90176
-1.45201
0.452273
1.62749
-1.29264
-1.13275
-0.0945198
0.613488
-0.915358
0.394308
1.44743
1.72884
1.31267
-0.649334
1.07074
1.30723
0.897497
1.83377
1.92118
0.0943071
-0.667014
1.2534
1.05527
-1.37082
-0.0482032
0.140745
0.288237
-1.02686
-0.120376
0.452377
-0.372001
-0.272585
-0.1885
1.95135
0.572161
0.0416199
-0.0704709
2.31861
0.344728
2.87351
-0.730789
-1.07715
-1.94819
-0.967124
2.1106
0.203918
0.204591
-0.0927875
-0.649559
-0.16441
0.918853
-0.346672
-0.3058
-1.45383
0.806733
-0.0405619
-0.59336
0.307603
-0.453874
-0.516139
-1.27367
-0.416924
-1.11034
1.69
0.731687
0.848956
0.227189
-1.96568
0.6872
0.498292
1.15403
1.42185
-0.953072
0.125263
0.0078589
1.21719
1.16131
1.79417
-1.26389
-0.555451
0.0150581
-0.524204
0.994153
0.758008
2.31802
1.0773
0.246194
0.838285
0.995842
-1.13904
-0.73779
1.13365
-1.96464
-0.0886571
-2.37454
0.667325
1.72087
-0.25543
0.284679
0.623923
-0.896313
0.40427
-1.42851
-0.65212
-0.391381
0.959342
0.666717
-0.175628
-0.0536462
0.0643697
1.01488
0.0302315
1.73309
0.675801
-0.0338834
1.01945
1.68225
0.307105
-0.503109
-1.64528
-2.05698
0.114963
-1.19874
1.95814
2.23709
1.18633
0.723523
0.216292
-0.0980445
1.19738
-1.11873
0.0693261
0.240491
0.410334
1.6466
0.476613
0.80915
-1.29243
0.471895
-0.404797
-0.429725
0.698203
0.0271095
-1.13782
0.163577
0.756858
-1.64573
-0.67043
2.02454
-3.17357
0.191581
1.64256
-0.808038
0.148344
1.16135
1.33459
0.440618
0.219554
0.0196101
-0.460548
1.04169
-0.992356
-1.46103
1.23599
-0.921791
0.669368
1.98531
0.667044
-0.218941
-1.18609
-1.34773
1.4725
-0.237161
-0.645291
-1.27052
0.0383718
0.371456
-0.737364
-0.179235
0.606214
-0.502257
0.483303
2.16834
-0.46262
-0.647108
0.404519
0.16114
1.21736
-0.612098
0.601383
-0.935974
-1.00887
1.4764
-1.08363
0.542037
-0.0859775
0.0515069
0.399376
-1.06062
0.903112
-0.447422
0.196124
-0.286275
0.520781
-1.11046
-1.23097
-0.975937
-0.573806
0.938582
1.02041
0.862778
0.178326
-0.419189
-0.382877
-2.16409
0.91122
0.663121
-0.923766
0.636275
2.38934
-0.0409896
0.0137427
-0.845821
-0.142003
-0.288568
0.0755863
1.16039
-0.561233
-0.930972
0.0350756
0.0249687
-0.0403103
1.48629
-0.913065
-0.13496
-1.08308
1.22896
-0.0847437
-2.18192
0.536265
-0.321563
-0.0496896
-0.249122
-0.297396
-1.00257
0.254529
0.351918
-1.47746
0.0215622
-0.0975415
-0.291989
0.0236343
0.625981
-0.92428
0.293536
-0.536715
1.01633
-1.56198
-0.584514
0.00917974
-0.428699
0.514255
-0.681326
0.796069
1.53849
-0.509473
-0.335159
-1.29683
-0.133634
-0.857084
0.417564
1.23044
0.725755
-0.384467
0.279287
-1.81018
-0.113569
1.18796
-1.55677
-2.21031
2.33515
-2.20604
0.403399
-0.738977
-0.293597
0.0377328
-0.33058
-0.590472
-0.0694803
-0.724733
0.403807
1.07554
0.887703
-1.50396
-1.41556
-0.320757
1.26172
0.0669229
-0.443262
1.50713
3.5462
-0.862288
0.60416
-0.903917
-0.388218
-1.23596
-0.55678
0.478669
1.52529
-0.0787783
0.712481
-0.792482
-0.969094
0.0703279
-0.904275
0.904329
-1.29737
0.51096
0.576746
-1.04767
0.481037
1.73349
-0.769269
2.12273
0.468151
-0.837638
-0.419823
0.311195
-1.03729
0.573504
-0.0253623
0.21004
0.423061
0.361385
-0.0519509
1.25718
1.34078
-0.185789
0.83308
0.644411
-1.64227
1.16338
1.82913
-0.392706
-1.73815
0.965251
-0.554947
-0.522258
-0.214546
-1.43518
-0.919932
-1.72327
-0.667268
0.840746
0.841023
0.684569
0.12883
1.48357
-2.11572
0.54652
-2.99662
0.579052
2.62413
-0.116403
-0.922238
1.74896
-0.53292
-0.541503
-0.838777
-0.496376
0.774977
0.846844
0.224187
0.0748348
1.12407
1.487
1.28753
-1.1676
0.135709
-0.494268
1.85508
1.53127
-0.337711
0.722902
-1.13035
0.557822
-1.08213
-0.676652
-1.05282
1.15957
0.670537
1.39641
0.543169
-1.33586
-0.401338
0.0785712
0.676191
2.6611
-0.113464
0.0048423
-1.79354
-1.1777
1.04421
-0.765684
0.76263
-1.23655
-0.94588
1.00859
-1.53504
0.229854
-0.503312
0.840937
1.55995
0.001436
-1.95599
0.151512
0.108
1.84178
0.578852
-1.1822
-0.754183
0.133121
0.127968
-1.09481
2.00495
-0.131244
-0.0749792
-0.892086
-0.0341517
0.116312
-1.67187
0.984122
1.25755
1.18773
-0.948679
1.05072
-1.75903
-1.59651
-2.43667
0.0622785
0.343347
-0.25314
0.974443
0.108421
-0.887529
-0.665607
0.29117
-1.87407
-1.28775
1.39201
-1.39314
-0.804522
-0.510154
0.0862771
-0.688187
-1.16701
-0.100767
-0.850743
0.61305
-1.09135
1.96969
0.0276417
0.587971
-1.32184
0.475046
0.0453708
-0.855928
-0.98679
-0.00382075
1.94392
-0.594931
1.55282
-1.52341
-1.52559
0.27216
0.560941
1.43579
-1.30851
-0.158127
-0.241351
-0.281607
1.08583
0.981292
-2.09317
-0.665027
-0.200481
-0.661595
1.59875
-0.0521563
0.446215
-0.434264
-0.821083
0.769683
0.674271
1.79927
0.797207
0.246392
1.07425
-0.0321471
0.141102
0.491593
-0.252408
2.97885
-1.44451
-0.873286
1.63925
-1.1695
0.955776
0.0925897
0.144379
-1.71425
-1.49627
-0.849474
-0.397643
1.55678
-1.3294
1.21338
-2.58983
1.04964
-0.799031
-2.34168
-0.930375
1.59156
0.77551
0.523063
0.331853
0.00149733
-0.347737
0.39349
2.17705
0.703766
-0.539844
0.870412
-0.189027
1.29179
0.372536
1.10075
-1.0829
0.262512
-0.527989
-0.339429
1.23883
-1.78433
0.378589
1.11563
2.41046
1.14009
-0.216355
0.163197
0.260031
-1.85961
-0.781782
-0.594049
1.30878
0.00719374
-1.65316
-0.158032
-0.661584
-0.323747
-0.173858
0.179573
0.350454
0.0190752
-1.01219
0.206968
0.486701
0.846553
0.641534
1.50941
-1.58817
-0.739392
1.2638
0.25411
-0.0952508
0.625277
0.305013
0.733197
1.02558
0.123269
-0.646877
-0.563631
-0.669683
-1.05266
-1.09414
-1.45326
-0.775139
-2.06073
-1.3289
0.092082
0.00693443
1.18411
1.16156
0.583357
-0.603872
0.258888
0.27586
-0.303876
-0.589553
-0.608587
0.383929
1.04213
-0.323098
-0.941189
-0.625877
1.49006
1.98999
0.957831
0.229605
-1.4466
-0.911681
0.83599
-0.0560145
1.87364
-0.59471
-1.84382
-0.716084
-0.317271
0.779259
-0.461876
0.0163482
-0.671743
0.797891
-1.50158
0.533123
-0.0944483
0.326371
-0.743585
0.837875
1.843
-0.0562625
0.844719
0.416161
-2.54234
-0.60563
-0.682725
0.44513
-0.31281
0.788369
-0.741565
-0.61576
-0.854455
-0.430459
1.21563
-0.163971
-2.60768
-0.0252383
1.78848
-1.18339
1.35267
-0.92218
1.04345
-1.09396
-1.68583
-0.435714
-1.34304
0.502497
-0.0330797
1.01789
1.54507
-1.5789
0.105229
-0.729761
0.156029
-1.7244
-0.472526
0.228342
1.86974
-0.239907
-0.107688
0.425072
0.88939
-0.138527
-0.845344
0.0513535
0.235058
0.951545
0.583202
-0.710368
-0.305324
0.758529
0.502525
-1.41105
-1.34005
0.0560084
1.48714
-0.00114081
-0.704395
-0.226888
-1.21498
1.02725
0.319896
-0.532381
0.277473
0.152557
-0.601217
-0.0389888
1.04521
0.566311
0.348714
-0.0550012
-0.0793486
0.666304
1.0564
-1.24403
1.37201
-0.712943
1.22437
0.669544
-0.0634363
-0.387061
-1.76743
0.105806
1.8009
0.719753
1.3084
-1.13931
-0.369828
0.69169
0.461088
-0.260812
0.476731
1.9867
0.0947825
-0.111311
0.339163
-0.782348
1.32558
1.39904
0.255629
-0.243222
0.427613
-2.40639
-0.249172
0.161071
0.62682
1.00587
0.757731
-1.02832
-0.087157
-1.87987
0.606216
-0.0834877
0.275701
0.406671
-0.468995
-1.43447
1.8448
0.440044
0.802026
-0.288777
-0.469864
0.746635
0.304528
1.23538
-0.145597
-0.33381
-0.939372
-1.56943
-0.645692
-2.11245
-1.18894
0.517403
0.303448
-0.158608
-0.255727
0.971949
0.295095
1.23208
0.742189
0.276591
-1.3667
1.37124
0.0237391
-0.185047
1.0876
-0.95506
-0.261451
-0.43278
1.06881
-0.961657
0.955408
1.21326
-0.96754
0.715347
0.61803
-0.0742479
0.564088
0.844958
-0.199968
0.226277
0.0295491
1.17415
0.769747
1.01019
0.403145
0.256262
-0.465543
0.377094
-0.497603
-0.42808
-1.49876
0.0286801
0.382104
1.19264
0.346918
-0.428922
0.960489
1.85552
-1.16885
-0.626917
0.274595
1.84217
-1.97777
1.76392
-1.64537
1.65028
2.17491
-2.22169
-0.585783
-2.69329
0.888128
-1.37534
-1.20521
0.846922
0.764017
-0.19709
3.10753
-0.50296
-1.14304
-0.7511
-2.36348
-0.442993
-0.95033
0.223149
-0.142744
-1.24469
-2.13017
0.0989881
-0.612303
0.154836
-0.142392
1.04388
0.965043
1.7409
1.86908
0.66819
-0.581964
1.02788
0.811146
-0.486126
0.268543
0.677464
0.44323
0.10114
-0.894192
0.30749
1.46523
0.807483
-1.02872
0.51699
-1.18851
-0.612019
0.261123
-0.142986
-0.66097
-0.388451
0.220418
1.2249
-0.664236
-0.820579
-1.23672
-1.30979
0.971797
-0.433562
0.650215
0.307773
0.132655
0.0199923
-0.67554
1.34621
-1.31428
1.10707
0.497339
0.00179686
0.421559
0.000816237
-0.453416
1.30401
0.785997
-0.0770727
1.37795
-1.85898
-0.13584
2.4632
0.616799
-0.566766
2.71469
2.48529
1.31197
-0.196687
-0.520801
-0.443899
0.0708362
0.298321
1.01067
-0.300289
-0.170419
0.765423
0.476677
-1.24817
0.185606
-0.93556
1.55762
-0.823339
-1.27521
1.57296
-0.59648
0.305098
1.28242
-0.28218
0.611012
-0.196175
-1.04477
-0.537573
2.17015
0.0871724
1.44226
-0.294893
0.606642
-1.2254
-1.36958
-0.504077
0.586278
0.215507
2.09691
0.424118
-2.01607
0.523665
1.27707
-0.0433037
-0.816348
-0.432082
0.266688
0.562499
-0.5164
-2.2429
-0.775724
1.78629
0.218242
-0.238851
-0.0849118
-1.78479
1.32295
-0.895345
0.112067
0.0442776
0.166526
-1.55514
0.387128
2.44798
0.443441
1.01439
-0.715614
0.432724
1.03609
-0.384302
0.478822
-0.204459
0.111962
-1.55587
0.570225
1.43756
-1.65961
0.314101
1.74449
0.800648
-0.0139731
0.282928
0.836273
-1.33598
-0.41655
-1.04325
1.39707
0.285702
0.127152
0.0207654
0.368816
0.827903
0.00606603
-0.483394
-2.6217
-1.4437
0.00611371
-0.420789
-0.129227
-0.609341
-1.52303
-0.689546
0.15435
0.949353
-1.04062
1.14906
0.656232
-0.280139
0.889641
-0.10093
-0.793845
0.766015
-0.913013
0.110655
-0.873628
-0.344721
-0.161934
1.17288
0.963269
-0.817038
-0.526233
-0.0504166
-0.612216
-1.90485
-1.07644
-0.161994
-1.22629
0.894032
-0.0986682
-1.35342
0.818401
-1.15298
-0.296478
-0.0408426
-1.2534
-0.3345
0.561152
-0.242262
-1.79825
1.90569
-0.0254631
-0.490261
-0.0126374
1.58441
0.271491
-0.401637
-1.14326
-0.498862
1.00933
0.324473
-0.085142
0.332101
-0.628327
-0.211859
-0.704051
-2.23632
1.1244
-1.58334
-0.900614
-1.12471
1.12309
0.644075
1.60034
0.27254
0.963051
0.066803
-0.318335
1.00425
-1.03867
-0.176884
-0.281449
-0.360064
-1.48859
1.21514
-0.087171
-0.46257
-0.0302643
-1.26431
-0.243757
0.618917
0.970688
0.112711
1.2691
-0.376301
0.346484
0.230121
1.74843
-0.309592
0.756086
0.0890469
-0.660998
-0.254689
-0.226321
-0.501524
-1.50551
-1.7316
0.651148
1.8608
-0.355487
-0.838494
-1.05775
-0.155749
0.747929
-0.181796
-1.16503
-0.446904
-1.164
2.05821
0.151658
2.5797
-1.60724
1.95423
0.32942
-0.501027
1.83544
-0.893515
-0.269817
-0.457123
0.102487
-1.59973
1.07512
-1.67068
0.878003
-0.43567
0.299575
0.110653
-0.379726
0.412408
-0.175101
-0.38936
-0.404737
0.682727
0.967452
0.782807
-0.654433
1.68998
2.57453
0.459846
0.858415
-1.02175
-0.305731
0.0743244
-0.842115
-0.465887
-0.00179689
0.757814
0.774279
0.799392
-0.489838
-0.21559
1.95509
1.18612
0.972636
-1.10731
-2.15302
-1.8695
-1.55086
1.84024
1.02062
-0.401967
-0.88122
-0.996733
-2.03187
-0.2843
0.245157
-0.258279
-0.296319
-0.731495
0.939218
-0.136858
0.324279
-0.937718
-0.391575
1.68752
0.984961
1.62028
-1.29246
-0.218148
-0.902832
0.953422
-1.41916
0.696196
-0.472788
-0.850566
-0.411598
1.75529
-1.83566
0.759389
0.300565
1.22718
-0.674011
0.2621
1.97869
1.29127
0.366476
2.1256
-1.57102
-0.268424
-1.40424
1.46445
1.10259
0.680916
0.00421595
-1.28477
0.727905
-1.31701
1.02416
0.133146
-0.172853
0.405695
1.12546
0.831331
-0.478078
-0.747739
0.105867
0.322832
-0.135524
0.263807
-0.0304681
1.23288
-0.536057
0.19115
0.727558
2.00539
1.0932
2.12945
-0.416305
0.110791
0.536671
-0.0998973
1.31695
-0.136434
-0.643142
-0.971084
-0.2724
1.20122
-0.60873
-0.620259
-1.37629
-1.34951
-0.321708
-0.0779101
-0.301982
-0.410206
-1.6808
1.11327
-0.396592
1.78708
0.303299
-0.132477
0.829933
-1.09268
-0.0213815
1.23915
0.232529
-0.98108
-0.634011
2.03324
-0.347546
1.38427
0.31949
-0.436752
-0.634903
-1.29491
-0.427079
-1.79251
-0.348379
-1.88085
-1.87755
1.43776
-0.912092
1.34307
-1.45645
-0.935815
-1.16537
-0.599949
-0.485436
1.71501
0.380399
0.557541
-0.660752
0.553289
0.204383
-1.83366
-0.0368336
0.59275
-0.655244
-0.197432
0.152993
1.97194
0.359305
1.58244
-0.614665
-0.96496
1.01107
0.307582
-0.317196
0.233561
0.899428
0.397675
-1.10342
0.896639
0.151077
-1.15432
0.508657
-0.665834
0.387324
0.202517
0.463303
1.52543
-0.665421
0.57713
-0.204433
-0.55338
-0.805266
-1.13749
-1.39636
2.45857
-2.1217
0.204495
0.321979
-1.46748
-0.406148
-1.20222
0.549627
0.0942131
0.362324
-0.90037
-2.55231
1.25568
-1.66647
-0.511577
-0.451028
0.300041
0.535272
0.526585
0.264164
-0.0218647
0.747614
0.935666
-0.142825
1.34196
2.27649
-0.754965
-0.975448
0.241769
0.802283
0.379694
1.22103
0.100733
0.452882
0.426471
1.33958
0.877145
-2.15835
0.273719
-0.274728
0.182681
1.4203
-0.590983
-2.42977
1.11313
-0.191353
-0.585566
0.0361615
-0.419332
-0.0263328
-0.693521
-0.937894
0.257987
-1.36987
0.532111
0.333601
0.910137
-0.101529
-0.646529
0.579246
-2.33796
1.65613
0.998754
-0.0987705
0.137942
0.049663
-0.310795
-1.51538
-0.380805
1.41016
-0.792216
-0.0533721
1.16966
0.421898
-0.710922
-0.00152348
0.541753
-1.9647
0.923529
0.718257
0.315692
0.496532
-1.12246
-2.55095
-0.341607
0.381048
-0.443419
-1.38817
0.956978
-1.20007
0.995014
-0.0404664
0.669776
2.208
0.434812
-0.750373
0.164384
-0.759325
-0.11517
-0.88705
1.02172
-0.124215
0.473459
1.65836
-1.20916
0.662743
-2.3213
-0.912625
-0.78988
0.173944
-0.75419
-0.195046
0.394471
1.28494
0.145626
1.76042
-0.204912
-0.37066
-2.80941
-0.268986
1.25758
-0.0430622
0.672227
-0.279517
-1.08459
-0.194628
1.50142
1.70098
0.886234
-0.477293
0.123747
1.13592
-1.9574
0.482936
0.705952
0.100094
0.727812
0.229708
-0.5076
-1.37742
0.44439
-0.167855
-0.245891
-0.213098
-0.277604
1.89294
3.63039
1.1119
0.618648
0.191953
0.807892
1.16581
0.532689
1.11188
0.204624
-0.0325718
-0.116798
-1.53989
-1.05791
-0.807304
0.402738
-0.444175
0.801179
-1.28318
1.02261
-0.431673
-0.7478
-0.701235
0.412408
-1.10097
0.370426
0.000634966
1.63514
1.43298
1.73017
-1.06102
-0.066204
0.205397
0.80492
0.235673
-0.338136
0.180277
0.591047
0.00473531
1.02122
-0.960082
-0.0135914
-0.933236
1.57764
0.876379
0.00830646
0.0552963
0.0959363
-0.49131
-1.857
0.89672
0.00738168
0.202657
1.74415
-2.46727
0.660409
0.142717
0.15046
-1.20547
-0.862378
-0.116369
-0.443126
0.473157
-1.60334
-1.02149
0.184073
-0.353739
-1.29909
1.0061
-0.84112
-1.75997
0.677312
0.565216
-2.00027
0.614712
0.219848
-0.141508
-0.375933
0.180145
0.863644
0.860283
2.50625
-1.00153
2.47659
0.263825
-0.0125056
0.782455
1.03379
-0.857406
0.430788
0.675713
1.32872
1.69698
0.815531
1.45975
0.637078
0.490785
0.59457
1.40971
0.0274004
-0.912913
-0.0257837
-0.38591
0.450284
-0.302591
0.0557315
-0.128521
0.0280334
0.867748
1.34547
-0.328618
2.46039
-0.267058
-0.67635
0.191223
0.850367
1.06027
-0.26634
-0.109083
-1.39764
0.70914
-0.486804
-0.23094
2.64649
-0.169455
-0.119087
-0.485596
0.700678
-0.117107
0.0925863
0.831108
1.1277
1.21351
1.20252
0.144711
-0.202368
-1.4876
-0.139914
1.25558
0.956142
0.126954
0.621057
1.41414
0.0815308
0.706608
-1.00266
-0.0537305
-1.27687
-0.590684
-0.785496
-0.589055
-0.0962369
0.318138
-0.247108
-0.137975
1.16334
1.57978
-0.680739
-2.01606
-0.112324
-0.114141
-0.0734562
0.00643649
-0.588281
-0.121363
-1.03581
0.83917
0.042802
0.248496
0.446658
0.214849
-0.151608
-0.224796
-0.708288
-1.36245
1.66501
-1.01364
-0.0109912
0.345813
0.630894
-0.492816
1.42311
1.51031
-1.179
-1.52205
0.316486
-1.20444
0.567259
-0.770188
-0.191997
-0.583317
0.0470916
0.329745
-0.430561
-0.892149
-1.31525
-0.071366
-2.64304
0.0566103
-0.146086
0.159367
-0.385836
-0.628211
0.0368816
-1.06447
1.41196
-0.416111
-0.770245
1.69541
0.439248
1.00962
0.295705
-0.786608
1.74773
0.174518
-0.0253403
0.234769
-0.907169
0.608165
1.32728
0.991279
-0.103453
0.113107
0.902221
1.0701
-1.50408
-0.52203
-0.166913
-0.0310791
-0.893771
0.606102
2.42819
-0.127852
-1.22815
0.626534
0.145039
0.790448
0.429065
-1.00355
0.854877
-0.822879
0.553638
-0.108075
0.0407904
-1.8107
1.24006
-0.456367
0.675522
0.372529
-0.185016
1.31819
-0.55965
0.00272319
1.75321
-0.545766
0.384775
-0.331173
-3.15128
-1.14952
-1.18613
-0.413946
1.89411
0.81913
2.05635
-0.487263
-0.0681229
-2.08641
-2.38649
-0.379075
-0.265172
1.82325
-0.0264628
1.15272
0.620857
1.45202
1.40894
-1.39629
0.604425
-0.548292
-0.815105
-0.55453
-0.591876
-0.526749
0.546213
-0.251579
-1.47558
0.0708781
0.838931
0.190402
-0.248123
-0.0241422
0.233426
-0.142076
0.264758
-1.18554
0.567278
0.000451108
-1.21548
1.56882
0.184674
-1.6501
0.699824
0.161008
0.12672
1.73511
0.486137
1.91531
1.10211
1.03903
-1.04624
-1.45961
-0.431857
0.0663656
-1.15655
-0.566758
0.301791
0.322067
-0.107741
-1.03801
-0.400477
1.33931
1.47568
-0.791
-0.33547
-0.866708
0.270716
-0.330912
1.02671
-1.27466
-0.0987406
-1.01909
-1.25453
-0.186156
-0.532552
1.2673
-0.155218
-1.14076
0.446929
0.138725
1.76226
-0.734918
-0.533259
0.0837853
-2.22148
-0.138663
0.832235
-1.49549
-1.05178
0.376024
1.8977
0.354822
0.248996
0.0360746
-0.494432
0.74556
3.04053
2.22854
-0.712333
-0.810731
0.714058
0.020332
-1.4615
-0.30925
-1.11209
-0.272483
0.0514483
1.86321
0.717833
-0.350073
-1.73552
-0.298874
-0.46783
-1.5607
-1.59523
0.6075
1.45667
-0.786978
0.464535
-0.271909
0.461343
-1.20812
0.328433
-0.245738
-0.524925
0.0378025
0.91227
0.859165
-0.0968657
-0.574904
-0.440014
-1.04311
2.57107
0.962839
0.253041
-1.47216
-1.16197
-0.517709
-0.0956731
0.179349
-1.22594
-1.19707
-1.30591
-0.1555
-0.278656
-1.85195
-0.0991018
0.153435
-0.526201
-2.22401
-1.03335
0.84472
0.839778
-0.00823747
-0.967027
0.386731
-0.340316
1.79585
0.428178
-1.37915
0.0862776
-1.39271
-0.0120188
0.474378
-0.317827
-1.55806
-0.894107
-2.23366
-0.13679
0.482482
1.1761
0.161312
-0.328885
-0.441055
-0.38001
1.02204
-0.898511
-0.890011
0.044095
-2.37299
-1.50877
0.358011
-1.08629
1.02125
0.123853
-2.69678
-0.590303
-2.23068
0.976021
0.11119
1.72
-0.264196
0.808763
0.664159
-1.07802
1.01131
0.674926
-0.695328
-0.857355
1.76665
-2.81251
1.02731
0.40741
-0.404608
-0.445907
-1.17608
-0.335208
-0.639147
0.58694
-0.751924
0.00312836
-0.781769
1.06584
-0.544222
0.258402
-0.679699
-0.0406888
-0.0108174
0.457165
-0.134106
0.511067
1.01675
-1.49104
-0.1869
0.497058
0.935931
-0.0914773
-1.67315
-0.361699
-1.55178
1.09658
-0.507999
-0.698931
-2.92181
1.76798
-0.0353805
-0.415153
-0.0686887
-1.79419
-0.753295
-0.0752794
-0.292082
1.25977
-1.32392
-1.42181
-1.30303
1.50777
0.564572
-1.8311
-1.1147
-1.00955
0.124108
-0.353571
0.964641
1.41337
1.25593
-0.555855
0.678068
-0.974583
-1.17859
0.561007
-0.877753
0.541867
0.53844
-0.404577
0.317538
0.312982
-0.556787
0.832909
-0.560481
0.447969
-1.35051
0.396653
0.974648
-0.206655
-1.56085
0.885173
0.280092
-0.715137
-0.817786
2.26351
-0.0471031
-0.441986
-1.60885
-0.0922053
-0.546312
1.55364
0.575639
-0.939427
-0.737682
1.22339
-0.354309
1.05096
0.313728
0.763416
0.68468
0.110683
-0.763476
0.048229
0.00462393
-0.321372
-0.614199
0.538324
1.87219
0.943235
-0.80702
0.377294
-0.0444131
1.82819
-0.110735
0.258777
0.43213
-1.7749
-0.928567
-0.507135
-0.746028
-1.24921
-0.331802
0.785934
-0.529428
1.08779
-1.27539
0.925162
1.38139
0.219072
1.36221
-0.510729
-2.50084
-1.33695
0.350053
0.896094
0.294383
0.649811
-1.49756
0.301731
-0.499951
-0.0435765
0.86351
0.553207
-0.333792
0.822708
1.10814
1.2967
-0.399642
-0.536046
-0.398553
-0.266573
-1.29231
-0.94383
-0.243011
-0.696973
0.657554
0.866168
-0.214673
0.347853
0.151888
0.984585
-1.29761
1.05297
1.88088
0.750223
0.701862
-0.881267
0.213789
0.946771
-1.36284
0.526079
-1.2127
0.480798
0.121457
-1.00235
-2.4293
-1.11885
-0.64388
1.60203
0.124034
1.19929
-1.13078
-1.88872
0.622582
-0.916715
-1.22004
0.670671
-0.275177
0.487182
0.941209
-0.875719
1.01398
1.86271
0.264875
1.46063
-0.783386
0.880026
-1.09583
0.551589
-0.955651
0.999869
0.708053
0.468245
0.501807
-0.116924
-0.772033
0.505782
-0.590382
-0.433262
0.231438
-0.115988
-0.104937
0.331042
0.675764
-1.49117
1.04399
-0.551907
-2.40565
-0.169585
0.705629
-0.447852
-0.824812
1.10753
-0.190467
-0.311293
1.00301
-0.144603
0.205459
-1.33842
0.78684
-1.14512
0.526479
-0.386747
1.2882
0.913644
-0.430391
-1.83127
0.263023
-0.896388
0.234893
1.18222
-1.20627
-0.131976
0.702087
-2.23561
-1.72808
-1.33111
0.398731
-2.13825
1.44721
0.64051
1.15563
-0.519823
0.349071
2.26532
1.6018
-0.747582
-0.152809
0.945752
-0.237189
-1.27725
0.328943
-1.34946
0.312438
0.0200649
0.0558113
0.229029
-0.567086
0.670494
-1.93381
-0.78343
0.548457
1.24648
-0.392669
1.37514
0.181749
-0.729054
0.0894388
0.0695862
0.752434
-1.4758
-0.794088
0.691254
-0.0396038
0.741021
-0.319381
1.35774
1.58406
-0.436843
-0.332589
0.0496821
-0.339998
0.232341
-0.177542
-0.821693
-1.66262
-0.359391
0.82317
-0.566183
0.336567
1.3297
-0.21259
0.263641
-1.33205
-0.507462
-0.452667
-0.033622
1.43743
-0.378673
1.47533
-0.886963
-1.26603
0.559251
-1.62291
1.12447
0.0711402
-1.82771
-0.818602
0.145279
0.35439
0.951207
0.324038
0.842625
-1.70226
-0.263079
-0.619135
0.764106
1.66243
0.150531
0.257362
-2.2853
-1.14761
-2.35968
-2.02852
-0.4981
1.03052
-1.72862
-0.170381
-1.66523
1.3316
2.54839
0.522017
0.889612
-0.265808
0.145377
0.181786
-0.164794
1.03042
1.37284
-0.778268
-1.59435
1.50613
2.56322
2.06618
-0.633373
-0.355168
0.29084
-1.16356
2.53199
0.265637
-0.565452
-0.897338
0.619198
-0.385268
0.72777
-0.7827
0.057089
0.714573
0.580838
-0.090112
-0.0157202
0.503102
0.226577
-0.919118
1.86314
0.254527
0.515115
0.621558
-2.06948
-0.132943
0.81955
0.868128
0.144119
0.772233
-0.656672
0.0716015
-0.855575
0.614684
-0.492359
-1.15214
-0.991162
-1.10082
0.101333
-0.0102151
-1.28547
1.33285
1.2145
0.00531891
-0.194217
0.00539471
0.488631
-0.682778
0.26681
1.59319
-0.681678
-1.02091
0.854715
0.119216
-1.79931
-0.914052
-0.114088
-0.0652424
2.94043
2.1206
0.126025
0.922955
1.90896
2.32784
-0.287768
0.655773
1.0724
-1.6395
1.53407
0.474553
1.47241
-0.57141
-0.771955
-0.679272
-0.737869
-0.769967
-0.221648
-0.895433
-0.211309
1.72961
-0.541411
-0.327303
-0.313526
0.648085
0.0245457
0.785468
-0.924524
-0.135326
0.256169
-1.31642
-1.61592
0.112691
-0.948594
-0.721018
-1.44168
0.69635
-0.665767
1.22598
-0.304877
-0.22259
-0.0556804
0.597341
-1.1466
1.50184
0.63553
0.535553
-0.766811
-0.592719
1.33012
1.05941
-0.0992036
0.434245
-1.85009
-0.148117
2.07577
-0.75146
-1.77029
-0.0499834
-1.79507
0.654155
0.156062
0.313272
-0.898409
0.793007
1.7323
-0.485752
-0.00962866
-0.0621472
0.230431
0.54169
1.90698
-0.785979
-1.26071
-0.803473
-0.272268
-0.980559
0.210777
0.188446
0.243284
-1.42598
0.951346
0.99196
1.03847
-0.108363
0.869969
-1.10889
0.514235
0.484072
0.726471
-0.79669
0.56278
0.427658
0.886021
-0.589907
-0.879062
0.487305
0.828599
-1.10645
-0.766685
-1.88418
-2.60134
0.349079
0.443293
-0.926216
-0.313624
0.560554
-0.428116
0.143023
-1.12512
-0.110368
0.340926
0.626625
-0.0835777
1.28154
1.11636
-0.921075
-0.0463144
1.27347
-0.24999
0.52088
0.133777
1.1829
-1.21139
1.35681
2.04925
-0.468247
-1.27804
-0.399914
0.502709
-0.425665
-1.23674
0.40255
-0.128635
-0.944459
1.177
0.801254
-0.185116
-1.04988
1.83634
-0.0554347
0.178463
-0.311459
-2.3429
-2.28079
0.608039
-0.065469
-0.181494
1.56404
1.73993
0.658784
1.74649
-0.285831
-0.580394
-1.3206
-0.986265
-0.617959
1.79943
-0.302123
-1.42172
0.47321
0.570311
-0.716922
0.371027
-0.712359
0.191702
-0.28079
-0.808787
0.816088
0.902494
-0.151944
0.105897
-1.78735
0.142212
0.408274
-0.517783
0.590698
-0.935963
-0.828819
1.06151
1.20415
-0.129909
-0.0842966
-0.0411464
-1.10151
0.0260955
-1.41831
-0.995788
-0.235852
1.49283
-1.2072
0.433097
-0.799426
0.145796
-1.18189
-0.466369
-0.723451
0.336695
-0.275023
1.18524
0.452426
0.15417
0.338473
0.286858
-0.0799568
-2.41266
1.2558
-0.0125054
-1.22914
1.16203
-1.33812
0.277439
-1.10878
-2.16251
0.931525
-0.311755
-0.175665
-0.166893
0.656747
-0.891877
0.829405
-1.37819
-0.108011
-0.519466
-0.250731
0.7626
0.653846
0.940397
0.0248483
-1.14016
1.43384
-1.82556
-0.121286
0.728661
0.112489
-1.29199
1.14444
-0.407736
0.77427
-0.429307
-1.67773
0.826604
1.91262
0.109537
0.752583
0.677102
0.595808
-0.635536
0.574725
0.195199
1.77179
0.584056
-1.56583
-0.564673
1.82815
0.458926
-1.08668
1.51365
1.80525
0.848832
-0.598542
0.104833
-0.645333
0.673223
1.4053
-2.78546
-1.40134
0.800579
0.0476626
1.34816
0.292909
-0.340303
0.223447
-0.39151
0.594985
0.0425698
1.1166
0.51438
0.759018
-0.269579
-0.15219
1.89222
-1.63221
0.8561
-2.13872
-1.46945
1.23824
1.1656
-0.372662
0.359402
-0.714531
-1.08307
-1.53578
-0.430875
-1.00691
-0.0511838
-0.617011
-1.12453
1.52355
-1.94001
-1.62387
0.866475
0.0216829
1.59331
-0.0524339
-1.3198
-1.06607
-1.40801
1.02723
0.228472
-0.825513
-0.503481
-0.337124
-0.0890361
1.5274
0.422806
-0.206497
0.541077
1.46404
-1.29433
-0.160796
-1.03271
-1.19999
0.208972
0.62482
-1.30383
-0.728704
0.374478
0.849568
1.26499
0.296468
1.33875
0.864085
-1.12188
-0.257566
0.290559
-0.183176
0.839293
1.17587
0.105162
1.60821
-1.85326
-0.273001
0.460626
0.0972814
0.757613
0.137566
0.6673
-0.941384
-1.4139
-0.232747
1.83827
-0.388996
0.500734
-0.178427
-1.76953
0.123596
0.310914
-0.897455
-0.876757
-1.33929
-1.2406
-1.32278
-0.975128
-0.455134
0.359417
0.400202
-0.0152506
0.549569
0.487563
0.179375
-0.967265
0.801241
0.525507
0.537739
-0.317002
-0.375317
0.049162
-0.766187
-0.288603
-0.612348
1.35036
-1.70568
0.988828
1.21153
0.873016
0.247729
-1.44166
0.286544
0.480347
-1.55108
-0.000543739
0.980953
-0.654877
0.462115
-0.335472
-0.841475
-1.31835
0.0509012
-0.0663885
1.33919
0.996729
-0.411499
-0.439932
1.60231
-0.666662
0.0651259
-0.39704
1.78271
-0.529418
-0.500477
0.736473
1.09771
-0.972267
-1.08211
0.267991
0.296522
-0.266715
-0.587629
-0.181471
-0.759466
-1.22434
-0.816805
-0.316577
1.21226
-2.00905
-0.0918469
1.05805
-2.28919
-0.147062
-0.655706
0.248634
-0.269968
1.10916
0.112935
-0.222775
-0.351032
-0.792839
-0.386749
0.17451
-1.77075
-1.27239
-1.73962
0.217488
-0.325951
1.08151
-0.269457
-2.21037
0.882631
-1.44066
0.317819
-0.507704
1.81123
0.897712
-0.283715
-0.461742
2.0263
1.87475
-0.117678
0.0900015
-0.914386
0.614275
-0.72527
0.505421
0.526831
-0.306719
0.422609
0.715663
0.230622
-1.58098
-1.65567
-1.28194
0.515538
-1.47698
1.94454
-0.812849
-0.106666
-1.13918
-0.990379
-0.809897
0.634629
-0.0655011
-0.424744
0.939774
0.035426
0.465932
0.115111
