1.27963
-2.00858
0.847228
0.479753
-0.21237
0.691255
-0.665788
1.16772
-0.257306
-1.26437
-1.51593
0.276628
1.16048
-0.98012
-1.15223
-0.552118
-1.36506
-0.0366221
-0.513533
-0.260562
-0.828331
-0.21359
-0.336659
-1.89506
-0.188026
-1.44566
-0.957419
1.54258
0.695859
0.201486
0.840802
1.01621
0.0770375
-0.0141228
2.23371
-0.243362
1.64697
-0.83036
1.18953
-0.876404
0.719774
-1.25318
-1.12121
-1.10815
0.415637
-0.350327
-0.800594
-0.612815
0.372762
1.13164
-1.24272
0.159329
-0.0709854
-2.05491
0.14657
-0.922798
0.493117
1.06529
-0.687856
-0.879455
0.890775
-0.477539
-0.547937
-0.0324024
-0.289559
1.67149
-1.01245
0.678757
0.823494
0.847167
-0.292529
0.400716
1.1721
-0.208831
1.4143
-0.212602
2.58221
-0.672587
-0.0382511
0.704466
-0.398458
-0.294075
0.634354
1.20675
-1.26433
-0.174213
1.80136
-1.14777
-0.260577
0.140968
-0.623208
-2.58782
1.16556
-0.570397
-0.303317
-0.331104
-1.58764
0.810898
-0.718386
1.4949
0.269729
1.58331
1.18316
-2.01049
-0.572267
-0.0101864
0.479538
1.80754
-0.842032
0.297063
0.818517
-0.614821
0.407345
-0.363867
-0.988422
-0.107828
0.119
1.30655
1.03343
-0.587523
1.3687
-0.923122
2.64879
-0.740013
2.41855
-0.939293
-0.895869
0.11713
-0.935191
-1.58178
1.70112
0.407009
-0.873407
-0.415607
-0.900245
-0.325297
1.15369
-0.313681
0.53001
1.04989
-0.394312
0.690697
-1.13121
-0.10283
-1.7797
0.052164
-1.5789
-0.673893
-0.866318
-0.400323
1.05352
-1.84488
-0.159036
-1.16379
0.696714
-0.357233
1.46092
0.648639
-0.880568
-0.670445
1.16809
0.719592
0.418201
1.8274
-0.345679
0.253136
-0.0733948
0.937618
-0.476233
-0.340568
-0.666699
0.545458
2.13148
0.982816
-0.132515
2.12432
1.05551
-0.682042
1.63418
-0.101239
-0.843924
-0.0825028
-0.305104
0.644795
2.16502
0.982352
0.312517
0.3805
0.801279
0.395565
0.701946
1.45206
-0.999517
0.583499
-0.125861
2.16546
0.262626
-1.30103
-1.15426
-0.605966
0.11609
-0.435727
1.40959
1.11134
1.03361
-0.380238
0.470598
-0.917365
0.239105
-0.9093
-0.82132
-0.421395
-0.423184
-0.877436
-0.942891
-0.550418
-0.434451
-1.89104
0.210109
0.6884
-1.14665
-0.287445
0.54989
-1.83488
0.345944
0.246551
0.687743
1.60699
-0.909138
-0.719186
0.363066
-0.103262
1.08568
0.000311441
0.574786
0.731716
0.310092
-0.536548
-1.40557
-0.11086
0.196228
-0.339429
0.233039
-0.586784
0.160438
0.453478
0.189054
0.337124
0.622396
-1.97312
-0.551145
-2.34842
0.40915
0.898049
-0.483973
1.73055
-1.84813
0.182492
-0.803951
0.73528
-0.481492
-0.790973
-0.024127
0.400621
0.0731861
0.516934
0.619501
-1.05149
-0.251354
0.10834
-1.00412
-0.546343
0.616669
0.591102
-0.708398
0.17201
-0.866681
-0.701023
1.56093
-0.0852517
1.14479
0.460893
-0.202618
1.64142
0.639412
-0.864348
0.162093
1.23326
0.309899
0.581499
0.92683
1.27158
-0.951545
-1.22766
-1.10234
-1.61044
-0.9807
1.06534
-0.270743
1.28664
0.360718
-0.686065
1.19669
0.0925372
0.810799
-0.869433
1.25228
-0.386404
0.562343
-0.313552
-0.652209
0.578334
2.22687
-0.239115
0.0793067
-0.00486565
0.153256
-0.885621
1.69367
-1.17725
-0.625036
0.570728
0.985031
-0.956473
0.115258
1.88725
-2.58261
0.879422
-0.729433
0.151981
-0.212565
-0.896459
0.454941
1.73289
-0.0395034
0.502738
-0.192864
-0.853054
-0.0309981
0.804881
-1.12219
-1.99465
-1.24732
-2.06882
0.798508
0.836965
-2.83233
1.03548
-0.546385
-1.67634
-0.620285
-0.206742
-0.208859
1.05877
1.85734
0.448165
-0.0729283
0.618438
0.606955
-0.66907
0.149828
1.96256
1.11238
-0.0291737
-1.14055
0.698905
-1.00746
0.126205
-0.548794
-0.345554
-0.960763
1.10028
-0.532777
0.699991
0.678304
-0.0366888
-0.615844
-0.313956
-0.109737
-1.08295
0.41593
-0.127618
0.0448205
-1.63605
0.411196
1.27654
0.309777
0.234812
1.5999
0.77788
2.21834
2.10286
1.5046
-0.705569
-0.945552
-0.0780728
-0.296808
0.633261
0.528939
0.613497
1.11757
0.695954
-1.35329
0.2278
-1.35586
-1.26564
0.792979
-0.775254
0.497799
0.195723
-1.11795
0.196507
-0.131607
-0.641788
0.611484
2.83167
-0.279866
0.544253
1.69378
-1.2198
0.243826
-1.30138
0.392103
0.984841
1.40324
-0.443112
-0.865999
0.0561246
-1.4951
-0.799567
0.900198
-0.183368
-0.181755
1.81418
0.758571
-2.36962
1.26143
0.478487
-0.808384
0.392214
0.208527
-1.26318
-0.21743
0.0806834
-1.47343
-1.06291
1.29482
1.68495
-1.64092
-0.679863
-0.189732
0.562705
1.44384
-0.392799
-0.649215
0.676337
0.209618
-1.24857
0.760794
1.08833
-1.96395
0.851491
0.749768
0.81922
-0.0273482
-0.324256
0.291986
-1.12635
-0.572387
-1.56366
-0.474325
-1.03304
-1.94785
0.869665
0.560746
1.75935
-0.256148
1.12791
0.988137
-0.178843
-2.48541
1.40963
0.101687
1.03048
0.184229
1.11263
-0.649936
-0.856606
0.507176
-0.597495
0.594759
1.37583
-0.529544
0.306935
1.34843
1.16143
0.688463
-1.34989
0.695028
-1.33295
0.113473
-0.826116
-0.352135
0.016601
-0.0697482
-0.8598
0.0831169
0.600546
2.02598
-0.256318
-0.315919
0.168303
2.72321
0.114991
-1.10204
-0.32732
-0.410944
-0.208879
-0.172755
-0.172253
1.89032
1.09471
0.728795
-0.604581
0.729072
-0.105498
-1.32353
1.16119
0.942934
-0.495675
1.49198
-0.594981
0.0931362
0.405134
1.11908
-1.11941
2.56523
-0.463076
-0.0143323
0.359117
-0.77091
0.508312
-0.0168779
2.25181
-1.68878
-0.238707
0.329674
1.53665
-1.8542
-0.390398
-1.24795
-1.63637
-0.320587
-0.844138
2.6184
-0.98311
0.223994
-0.0418017
0.802922
-0.708499
-0.109109
-0.0940572
-0.15418
0.157309
-1.69688
0.96964
0.313528
-0.0101722
1.82444
-0.130099
2.20905
-0.0567043
0.308161
0.826998
-1.09145
-0.378299
-0.20208
-0.745543
-0.0711633
-0.275889
2.388
-0.391496
-0.780189
0.520103
1.07766
-0.50011
0.188483
2.5885
-0.675564
0.23689
-1.66458
0.820668
-0.0852674
0.556915
-1.12417
-0.924706
1.35417
1.69404
1.22449
-0.512205
0.3812
0.0492203
-0.595631
-0.0423123
1.65205
-1.66514
0.269921
-0.251122
0.413894
-0.675781
1.4352
0.979629
0.24955
-0.37817
-0.58825
-0.628801
0.428027
1.13939
-0.0439273
-0.804776
0.139117
-0.186135
-0.885536
-0.35377
1.36563
-1.59171
-1.47369
-0.778017
-1.00011
0.231279
-0.507435
0.158636
-1.24953
-0.477773
1.61174
0.340465
-1.21811
0.495226
1.15692
1.64127
-0.831262
0.456799
-0.0203599
-1.8798
-0.915976
1.40412
-0.63322
-2.00697
-0.557664
0.0198752
-1.19865
0.965253
-0.310919
0.36547
1.27194
0.253959
0.0867274
-0.484333
1.12612
0.994879
-3.11881
0.507245
0.129379
0.0918643
2.05137
-0.356238
-0.497682
-0.879643
-0.665894
-0.358521
-0.548658
1.94406
-0.211338
-0.250414
1.15369
-0.256243
0.508165
-0.462184
1.37196
-0.108411
-1.28211
-0.964849
-0.0976235
1.69969
-1.18694
-0.455801
-0.612542
0.449202
-0.424982
0.560334
0.0356308
-0.318943
-0.0728803
0.406996
0.851965
0.0201257
1.50848
-0.607056
0.334866
-0.544341
0.954457
0.320792
2.66761
1.19464
1.05885
1.44786
1.02517
-0.339669
-1.95443
0.128133
0.181451
0.79686
-0.7938
-0.279668
-0.881988
1.18346
0.742848
0.508711
0.708704
0.235445
-2.50726
-0.208602
0.416707
1.25421
-1.59732
0.381891
2.04052
1.2392
-0.172927
0.311828
0.157149
-0.700781
2.17855
1.89083
-0.330966
-0.13448
-0.617042
0.561768
-0.948003
0.324486
2.62889
-0.108199
1.61836
0.666335
-2.41707
1.62642
0.496802
0.302097
1.93075
1.43106
-0.448056
-0.334165
-1.54384
0.241728
0.509736
0.167967
-0.0278088
0.352458
0.384567
0.826016
-0.179867
-0.373524
1.52571
0.486363
-0.0461852
-0.314088
-0.955144
0.449721
1.54174
-1.47348
-1.98695
-0.370695
1.77928
-0.173573
0.191027
-0.876807
1.82717
-0.63659
0.320306
0.492215
0.605589
-0.758496
1.33223
0.290704
-1.59915
-0.15005
-1.30065
-0.945165
-0.112184
-2.62438
0.367792
-1.67828
1.66742
-0.442785
-1.15053
1.40938
-1.43508
-2.51949
-0.343554
-0.0857641
-0.158919
-1.1254
0.150532
-0.750539
0.439397
0.919435
-0.17473
1.39448
1.38583
0.443989
-0.352548
-0.00865829
1.62291
0.717109
-0.790966
1.73892
-0.674408
0.860227
0.762719
-0.0511808
-0.00151774
0.894759
-1.04704
-0.336309
-0.254291
0.00857793
0.992112
-0.0995447
-1.08702
-1.8882
1.35103
0.0146995
0.227499
0.586247
-1.04534
-0.582847
-1.36259
-1.11353
-1.21072
-0.59306
1.17043
0.894546
0.014878
-0.544935
0.321096
-0.12932
0.654834
0.0375267
1.09751
-0.549453
0.486499
0.560416
-0.0530928
-0.262357
1.43617
-0.231985
-0.527932
-1.38226
-0.640046
0.137781
1.57103
-0.487818
-1.6958
0.59735
-0.395112
2.37077
0.482925
-0.290498
1.21656
0.0420599
-0.404346
0.0259159
0.185397
0.171492
0.906962
-1.4769
-1.30185
-0.590732
0.0791063
-0.624725
0.089743
-2.37439
-0.413335
0.0721819
-0.450546
-0.321586
-1.45357
-0.0617195
-0.0492042
1.29643
0.256956
-0.561953
0.590557
-0.916062
0.0158249
1.09591
0.882058
0.119576
-0.487087
0.269908
-0.462975
0.410766
1.34579
0.605869
1.31725
-0.22171
1.77277
0.148601
-0.373429
0.682126
-1.4968
-0.917401
0.615571
-0.608379
0.0884083
0.199551
0.357858
-0.4372
2.31391
-0.740973
-0.595527
-1.15929
1.60395
1.07183
0.0477483
-0.375896
-1.75447
0.843634
0.276711
-0.372526
0.964193
-0.336961
1.29168
-1.24211
0.160389
-0.353152
0.478352
-0.187811
-0.289475
0.235434
-0.780525
-1.74879
-0.637654
-0.241705
1.07611
0.248535
-0.865161
0.33901
1.42019
-0.133596
0.327791
-0.411137
-0.83571
-1.84107
0.64728
-1.69729
0.891202
-1.1955
-0.596651
-0.430075
1.11577
0.814242
1.64778
1.02854
-2.67388
-0.473249
0.445961
-0.76168
0.772667
-0.445632
0.672494
-0.809333
0.691006
0.718399
0.0102905
0.506047
-1.2204
1.85237
1.87517
-1.30507
1.28468
0.198281
-0.910787
-1.16078
-1.11827
2.08198
0.405418
-2.27347
-0.295494
-1.4999
-0.057216
-1.01063
0.137767
0.503043
2.41319
-1.03741
-0.971325
0.450451
-0.440445
-0.569369
-0.474985
-0.542122
-1.14859
-0.407911
2.37927
1.86015
-1.94921
0.648205
-1.95272
0.24366
0.457837
0.0837368
-0.61514
0.734104
0.63554
-0.197333
0.336756
-0.100188
-1.23089
1.14515
1.79785
0.766578
1.01727
2.40621
-0.321706
-0.179686
-1.0458
-0.376416
-0.209556
-0.874197
1.15152
-0.29868
0.241637
1.12614
-1.09873
-0.828073
-1.04595
1.597
-0.118421
-0.751086
-0.622523
0.115326
-1.01665
-1.24636
0.597045
0.579225
0.0604571
-1.71407
0.0125594
-0.124666
1.26502
2.38518
-1.0405
-0.97526
0.254553
-1.87868
0.287516
-1.20277
-1.09587
1.37923
-0.801079
0.978341
1.60559
0.789297
-0.765176
-0.742415
-1.06551
0.254381
1.20919
-0.949565
-0.350592
0.0905508
-1.44423
1.31482
-0.252288
2.14471
1.84644
1.35892
0.969696
-0.346297
-0.275638
-1.0701
0.801459
0.827471
0.794957
1.38853
1.32266
0.556617
1.38315
-0.0277882
0.42665
-2.02078
0.776985
0.956093
-0.703233
0.285786
-0.236029
-0.992489
0.78388
0.365196
0.153817
-0.430424
-1.03838
0.554991
0.14084
0.572016
-1.00042
2.04181
0.364154
0.436353
-1.26644
-1.31207
1.68001
-1.75861
0.651011
0.995014
0.321671
0.0166893
0.996763
1.37633
-0.06653
-1.04825
-0.220718
-0.176709
2.36583
-0.906022
-1.29054
-0.466624
0.646274
-0.837975
1.94111
-1.64849
1.65349
-0.280852
2.19794
-0.703999
-1.20275
0.61093
-1.15648
0.574635
1.93795
0.309262
1.2
-0.689671
-0.505631
0.381201
-0.184199
-0.910327
-0.0792463
0.153093
-1.74747
-0.130116
1.11859
0.0330958
1.30311
0.228823
-0.67222
0.0366522
1.34763
1.33328
1.6826
-1.76934
0.230149
-0.344018
-0.904583
0.997468
1.45668
2.0432
-0.53872
1.15999
0.827377
1.83116
-0.0729666
0.0521095
-0.499672
-1.02438
0.170069
-0.200035
0.504474
0.982553
-0.128522
-0.455216
-0.584188
-1.0358
0.17149
-0.643753
-0.15422
-0.0268804
0.834406
0.639613
0.355062
-0.760817
-0.669145
1.44893
-0.284824
-0.470504
-0.89259
-0.786988
-1.46985
-1.38213
1.72275
-0.297589
-1.13613
1.14196
0.686088
-1.01061
1.23673
1.61542
-1.39563
1.61954
0.291255
0.3695
0.850792
-0.930711
0.88265
-0.453985
-0.551922
0.405273
0.28276
-0.562226
-0.206089
-1.23949
1.59004
0.811874
-0.636249
1.30674
0.572825
-0.285982
-1.86274
0.071886
0.101739
-0.195085
0.590367
-0.330504
0.18023
1.73285
-0.312245
-1.11434
0.678568
-0.640697
0.77389
-0.696708
-0.0662167
-1.21076
1.19863
1.24121
-0.840879
-0.309796
0.572973
-0.134015
-2.57286
-0.973978
0.0129802
0.770314
0.457465
-1.05193
-1.04315
-0.444249
-0.0808291
-1.41673
0.0484871
0.296027
0.33587
-0.188722
0.59339
0.235864
0.848937
1.4695
0.46235
1.18575
-0.486806
-0.750671
0.335676
-0.0329438
0.661437
0.87079
0.946853
-0.221154
-0.736647
0.716712
-1.57496
-0.60252
-0.368941
0.899635
1.51452
-1.18023
-0.221403
0.373252
0.340269
-0.215313
-0.146876
-0.880272
-0.88789
0.836544
0.366108
-1.19227
1.63253
0.0905932
-1.96109
0.561762
0.0511094
-0.440396
0.486514
-0.75702
-0.641351
-1.57103
-0.136642
0.797324
0.276572
1.47153
1.12717
0.410206
-0.97207
-1.71022
1.37662
-0.716413
-0.946168
0.324047
1.99538
0.197374
-0.590283
0.149288
-1.27196
-1.48636
-0.725823
-0.266272
0.546919
0.269749
0.678819
-0.0426965
1.73286
-0.097937
-1.00305
1.74307
0.609594
-0.807163
-0.15509
1.11327
-1.4351
-1.83981
0.00983535
-0.113321
-0.285099
0.632602
-0.637719
0.228654
-0.441492
-0.646671
0.806209
-0.409265
-0.656829
-1.34655
-1.99616
-0.376948
-0.839137
1.01005
1.97311
0.286017
0.759348
0.370114
-1.0757
-1.40908
-2.4259
-0.307937
0.961485
0.0431869
-0.0297694
-0.782486
0.552934
0.373984
0.356235
2.32564
-0.18453
-1.24447
-0.0782319
1.48798
-0.870254
-0.385564
0.839923
1.51562
0.00840226
-1.87664
1.08485
-0.674959
-0.735288
-0.795418
1.4322
-0.194644
0.168791
-1.25162
-0.320626
-1.68067
-0.876732
-0.66195
-0.588262
0.246734
1.97687
1.28672
1.44434
-0.0562812
0.14261
0.665263
0.728489
1.37957
-0.551311
-1.2288
2.41464
0.974166
0.0739511
1.1413
1.29033
-0.469851
-2.86545
1.64329
0.424404
0.72126
-0.327292
-0.499936
1.14071
-1.16147
0.280643
-0.711489
-2.13001
1.20495
-0.526566
-0.19048
-1.17299
-1.26798
0.699064
0.559958
0.0241898
-0.104258
0.34988
-2.67664
1.75638
-0.857138
0.854717
1.32816
-0.114334
1.15804
-0.23334
-0.374568
0.54962
-0.955945
-0.828873
1.23272
0.528846
-0.41377
0.445446
-0.302699
-1.27498
-0.776885
0.56611
-0.124045
0.141331
-1.27345
1.15461
0.223896
-0.211283
0.911698
0.58307
2.05383
-0.00815077
-0.0664552
-0.387246
0.100799
-2.09437
1.19901
1.51976
0.295645
-0.640747
0.614376
1.17607
0.275472
0.560195
0.570485
1.10547
-1.16157
0.121459
-0.113789
-1.24474
0.234436
0.537848
1.19057
0.392801
-0.69853
-0.161005
-0.184687
0.558716
0.723087
1.13046
-0.16078
0.287076
0.212802
2.01184
-1.7648
-0.532737
-0.867155
0.140213
0.321814
-1.27069
-0.454622
0.405509
0.36697
1.9363
-0.335376
0.793808
-0.733223
-0.492463
-0.178666
0.833686
-0.400178
0.515302
0.578682
1.07735
-0.29142
0.491234
0.382366
-1.40718
-0.454501
-2.50812
0.833719
1.11021
-0.602268
-0.0473099
0.900111
0.256725
0.538928
0.510823
1.78306
0.602584
-0.873741
-0.636186
1.66398
1.30785
-0.156104
-1.415
-1.02988
0.0834032
0.411723
-1.14046
-0.292837
-0.467454
2.32461
-0.483479
-0.176502
0.25196
-2.84001
-1.89426
-0.512578
-0.257655
0.50317
-1.18114
1.23205
-1.08796
1.53169
0.227541
-0.0541638
-0.121892
0.427458
-0.110301
-1.08481
0.0343423
-0.637093
0.167892
-0.153009
0.0759221
-0.671116
-1.83766
-0.832529
-0.969503
-0.272244
-1.10447
-1.26068
0.51683
0.573418
0.401505
-0.940168
-0.185254
-0.59014
-0.572956
-0.360496
1.53088
-1.51792
0.359135
-0.184724
0.40139
-0.42327
-0.104179
-2.15725
0.45677
-0.439967
0.772642
-0.125888
-0.985951
0.691082
0.255876
1.29032
-0.601359
-0.214796
1.06985
0.463185
0.391407
-0.271871
0.502252
-1.38562
-0.320149
0.713554
1.69607
-1.15992
-1.41954
-2.51377
-0.439886
-0.126622
-0.150243
1.2694
-0.0613274
0.937396
-0.257289
1.26631
-1.93389
-2.31903
-1.57285
-0.129283
-0.26561
-0.322258
-0.395076
-0.1102
0.226459
0.0430473
1.68218
-0.704813
-0.604254
-0.993885
-0.641905
-0.241541
-1.54487
0.226352
-1.08286
-0.00728
0.511169
1.16912
1.55441
-0.322113
-0.932802
0.741614
1.44162
-0.90544
-0.58483
-1.0733
-0.00245141
-2.19692
-0.204094
-2.4375
-0.338254
1.15965
0.483637
1.01194
-0.704906
-0.0477199
0.860099
-1.23104
0.565001
-1.12924
-2.21738
0.929669
0.589946
-0.623427
1.22758
-0.769896
1.0306
-1.14676
1.10256
0.600049
1.75232
0.137939
-0.0145434
0.260718
-0.132033
-0.81506
0.00751594
-0.508714
1.15091
-0.332761
-1.50321
-0.450038
-1.98848
-0.61808
-0.873395
1.62751
-0.991422
0.173671
-0.739115
-1.81907
1.32168
0.695643
-0.314312
-0.655524
0.412123
0.799055
-0.227279
0.0627398
2.06656
-0.542261
-0.626545
-1.19027
-0.353828
0.998208
-0.642516
1.22338
0.391588
1.13532
0.607289
1.59301
-0.775465
-0.00474347
0.821959
0.103885
-0.300655
-1.51855
-0.979382
2.11911
-1.00411
-0.989185
0.0443381
0.0478558
1.71329
1.25013
-1.03332
-0.584885
-0.605435
-0.134111
0.574863
-0.655934
-0.138542
1.8647
-1.4467
-0.227235
-0.768781
-1.85568
1.52982
0.659574
-1.17456
0.293752
-2.00196
-1.04141
0.436504
1.34496
-0.198314
0.788094
0.731301
0.531989
-0.850098
0.517866
-1.62559
-0.82715
0.0291265
-1.0942
0.732776
-0.759282
-0.201849
0.371882
-0.32472
-0.201088
-2.22823
-0.913657
-0.0124676
0.495523
-0.0812477
-1.97284
0.785276
-1.15307
-0.796712
-0.296851
0.448617
1.48474
-0.508329
-0.281403
-1.57584
-0.318237
-1.45729
0.137689
-2.18954
0.244336
-0.897015
1.26555
1.05184
0.500199
-0.731212
-0.909975
-0.79855
1.28359
0.164696
0.600575
0.510348
-0.973411
0.347578
-0.694246
-0.559832
-2.57769
-1.66081
1.75193
-0.830174
-0.347403
-0.00471329
-0.223361
-1.61121
-0.960456
-0.359744
-1.30996
0.877424
0.849761
0.343081
0.00233786
-0.645591
0.347848
0.511192
-0.0164542
1.26962
-0.184723
-2.04684
-0.458335
-1.3245
2.67007
-1.43978
-0.0332119
0.6115
-0.109547
-1.40058
2.26039
0.627095
1.93409
0.58474
0.244836
0.235182
1.80349
-2.95366
-0.457734
-0.0974718
1.01116
-1.70749
-0.581743
-1.24398
-0.621479
0.812058
-1.17318
-0.447988
0.0710429
1.23625
-0.466576
0.805552
0.29036
0.582839
0.0372583
-1.74844
0.360475
-0.194355
0.533009
-0.906752
0.259723
-0.138125
-1.01312
0.811489
-0.459834
-1.1096
1.1435
-0.107898
-1.45967
-0.35228
0.81809
1.65108
-1.58041
0.406789
0.157176
2.28349
0.234834
-0.0485135
0.964412
1.52768
2.87731
-0.369323
0.637503
0.519331
-1.52234
0.466145
0.401901
0.202868
0.548808
-2.01024
-0.41807
-0.0956451
1.02486
-0.618804
-0.052949
-0.0839647
0.165947
-1.32825
-0.416284
-1.18616
-0.125364
0.0124231
0.782933
0.0588943
1.50994
-1.0994
1.32636
-1.40556
2.74798
1.42846
-0.0857001
2.22142
-0.745227
-0.71875
1.67061
0.439926
0.477931
0.339767
-0.775545
1.49597
-0.00705347
0.636613
-0.996826
-0.282084
-0.774487
-0.989921
-1.1338
-0.872717
2.10265
0.973296
-0.374667
1.12991
-0.314829
-0.440882
0.337672
-0.965687
0.892749
0.476593
0.771008
0.298175
0.959983
1.76761
0.273294
1.22707
-0.748132
-1.46987
1.52791
2.00941
1.05301
0.840191
-1.51536
-0.821537
0.755249
0.31507
0.359605
0.196871
-1.69853
-0.88405
-0.0712545
-0.125757
0.540257
-0.431485
1.81044
1.16894
1.72981
0.189421
0.785198
-0.082267
-0.278327
0.747087
-0.341569
-2.59201
-0.830163
-0.069327
-0.465528
1.3302
-0.543363
-0.173731
0.447946
0.324328
-0.2002
-0.343838
-1.40627
-0.964899
1.03117
0.612242
-0.686134
0.464103
0.240475
0.894374
2.01025
1.88725
0.126363
0.288519
0.266151
0.62638
-1.54627
-0.887615
0.977359
1.15887
-1.98712
-1.66196
1.50666
-1.03367
1.88488
0.467435
-0.941259
-1.31968
-0.484736
-0.375929
-0.732202
0.625561
0.482534
0.601934
-0.302574
-1.26875
-0.242154
-1.09672
0.308587
0.151692
-0.45829
0.874367
0.158189
1.79107
-0.2153
-1.81989
0.566203
0.65197
-0.530704
1.20328
-0.11415
1.02776
-0.28427
0.814972
0.713014
0.507482
-0.519519
1.15251
-0.210192
-0.783002
-0.827369
-0.67306
-1.369
-0.609163
1.05895
0.745012
0.10425
0.712095
-0.0564542
2.1085
0.591994
-1.04308
1.19261
0.419089
0.459452
0.883598
-0.797885
0.170424
-0.559912
0.597632
-0.940806
1.74952
0.368306
-0.39625
-0.0150722
-0.702502
-0.708552
-0.437426
-0.465092
0.546296
0.972277
2.17992
0.27718
1.0113
2.56893
0.763443
0.449842
-0.0560787
-0.350545
-0.857593
-0.126313
-0.311819
1.17813
0.928032
0.100543
-0.764116
-0.852467
-1.08884
-0.942467
-2.11219
-1.26602
0.0487774
-0.639034
-1.58995
-1.15604
-0.591006
1.02292
-2.11755
0.0870239
1.05909
-0.381672
0.463493
0.254768
-0.260457
-1.18608
-0.542469
0.428613
-0.608978
0.240685
0.0149138
0.742988
0.579454
-1.27134
-0.0913492
0.239928
-0.143627
0.136345
1.4901
-1.36024
0.972537
-0.70115
-0.127163
1.87368
-0.111087
-0.434545
0.291084
-3.62
0.0457652
-1.06456
-0.217437
1.27281
0.00774341
0.978217
0.625445
0.874277
-0.263592
1.20033
1.07115
0.1466
0.686554
-0.650091
-0.524095
0.311798
-1.04747
-0.438145
-0.0688044
0.849815
-1.09502
0.0365307
-0.753821
-0.29891
1.1909
-0.316932
-0.976864
-0.12882
0.070664
-1.19167
0.639402
0.862157
0.384029
-1.87969
-0.49319
-0.582856
-0.345971
-1.26651
0.2188
-0.0394682
0.685373
1.29431
-0.757315
0.797888
-0.431735
0.407201
-0.339651
0.290721
2.31632
2.18195
0.0166582
1.0185
0.2165
-1.59899
0.258132
1.8268
0.56503
0.896425
-0.749616
0.594482
-0.145162
0.780073
-0.204682
0.831822
0.0435597
-2.5858
0.360213
0.723577
0.607114
-1.47823
-1.21352
-1.30321
0.0601688
-0.61469
2.86887
0.16933
1.96125
-0.24064
0.0696914
-0.439012
0.43529
-0.190142
-0.372234
0.678049
-0.248714
-0.916276
-0.105242
-0.887244
-1.72552
-0.127856
-0.0395468
-0.0350774
-0.287396
-1.55159
-1.11463
-1.45831
1.11671
-0.269754
0.427634
0.342752
-0.735151
-0.254952
-0.3526
1.2608
0.105784
-2.21198
1.12058
-0.684866
0.819838
0.92755
-1.02539
-1.15087
-1.53124
-0.58447
-1.29017
-1.11179
-0.16374
-0.397682
-0.0313392
-0.0988425
0.674575
0.0815507
-0.0414454
0.732347
-0.837687
-0.304455
-0.531902
1.29826
-1.41378
-0.689941
1.10715
0.387561
0.753021
0.0941158
-1.36616
-0.0462037
-2.50723
0.741557
-0.704669
-1.38201
-0.900629
-1.0215
0.33601
0.587187
0.46345
1.78143
-0.368103
1.07334
-0.591054
-0.151702
-0.885158
1.31501
-1.23546
0.174213
-1.38238
1.27612
0.105619
0.578595
0.114188
-0.846072
0.458458
-0.452235
0.651389
-1.73565
-1.8996
0.979087
-0.413667
0.764953
1.26511
0.243063
0.0866286
-0.190227
1.8085
-1.03527
0.985851
-0.350097
-0.833163
2.38652
-0.0318334
-0.220365
1.15665
1.59453
-0.87696
-0.492525
-0.316087
-0.485716
-0.904412
-0.407858
0.861995
-1.70446
-0.802114
0.982221
-1.22841
0.652733
0.257247
0.651137
-0.65171
1.64858
-0.146329
-0.846674
0.760213
0.701976
1.72411
-0.139351
-0.594584
-1.56791
1.90762
-0.0647556
0.626451
-0.57567
0.561549
-0.313519
-0.108524
-0.134222
0.137427
-0.215821
-1.11837
1.22705
-1.10364
0.534513
-1.98859
-1.0755
-1.14438
-0.716151
0.521411
0.508299
0.563755
-1.1131
-1.14873
-0.98276
1.20122
1.36764
-1.21173
-0.808947
-0.129615
-0.566211
-1.18027
1.53893
-0.114465
0.546684
-0.852577
-2.19926
-1.16956
1.39131
0.547457
-0.38362
-0.615155
0.237079
-1.31965
0.349291
-2.18163
2.01699
-0.0181605
-0.773998
-0.98136
0.754097
1.34006
-0.256805
0.889004
-0.247403
-0.0110131
0.0741494
0.0612859
-1.76282
0.159267
-1.23351
-1.78034
0.340034
-0.931188
-0.466709
0.516132
-0.993077
-0.616904
-0.756629
-0.130405
-0.456598
-0.396485
1.71082
-1.26875
0.0651391
-0.248715
-1.31511
0.693602
1.1358
0.427591
0.447189
0.373823
0.416427
0.00382515
-2.31985
-0.0768885
-2.69502
0.567053
-0.888187
0.61015
-0.615276
1.7433
-0.711774
0.99916
-0.551258
0.667361
-0.876604
-1.08308
0.573735
-0.825021
0.633666
0.288118
0.246328
0.207906
-0.209496
1.14025
-0.495695
-1.13923
0.321264
-0.867719
0.218263
-0.468065
0.777202
1.73915
0.51877
1.24491
0.715396
2.2541
-0.960337
-2.09031
1.18939
0.139292
-0.444875
0.526567
-1.23319
0.451978
-1.11517
-0.0758874
-0.561968
0.763704
-0.370783
1.16385
-1.64379
0.386351
-0.596504
1.09204
1.72857
0.315176
0.0884507
-1.9837
-0.299209
-0.939365
0.761677
0.38377
1.37065
0.43076
-0.5924
1.11182
-0.996107
-1.41445
1.33133
1.62647
-0.91123
0.654556
0.114852
-0.293158
-0.426392
-0.189198
-0.485016
-0.0349033
2.29986
-1.19703
0.763473
0.687309
1.03908
-1.03603
0.690221
-0.149238
0.186201
-0.264415
0.0340008
0.437877
-0.911004
-1.59554
1.04049
0.214318
-0.792432
0.643139
-0.114791
0.979904
-1.41052
-0.145814
0.516421
-1.37552
2.90676
-0.0699016
0.281001
-0.113511
0.744665
3.16032
-0.852271
-1.29769
1.99713
-0.823023
-0.696058
-1.00699
-1.28835
0.219385
2.10404
-2.08664
-0.129254
-2.29175
0.869856
0.898921
-2.41366
1.28768
0.659046
0.193212
1.18829
-0.690224
1.59004
2.47988
-0.296622
-0.346381
1.3699
-0.847728
-0.321707
0.363019
-0.0502558
-1.1457
-0.970609
1.45243
-0.485554
-0.18697
0.191045
-0.763047
0.269253
0.407106
-1.64601
-0.625266
0.810701
1.29952
1.98946
-0.182732
0.455094
1.2244
0.814462
0.0385224
0.119895
-0.00381385
-1.09907
0.297951
0.759905
-0.566726
0.76399
-0.469891
1.31959
-1.11625
-1.03946
0.917647
-0.933531
-0.96335
0.671215
-0.0267428
2.06748
-1.26854
0.767169
0.757462
0.934688
0.417225
0.478346
-0.0215234
-0.265814
0.0890775
0.659737
1.34721
0.653712
1.49153
-0.69254
0.118519
1.18002
-0.454595
1.32271
-1.60246
-0.420045
0.711723
0.815876
-0.177991
0.491269
1.415
2.33556
-0.022059
-2.17907
-0.439312
-1.04132
0.107796
0.940769
1.59379
-1.63209
0.490566
1.38327
-0.15345
-0.839429
-0.231159
-1.02093
-0.180997
-0.870686
0.874193
-2.14546
-0.278548
-0.625559
-0.950697
-2.32979
1.21737
-0.452427
0.0977907
0.971546
1.22836
1.07561
0.212984
-0.692405
-0.15996
-1.37142
-0.216438
-0.685436
-1.11477
-0.646905
0.236124
0.520259
-1.00542
0.783989
0.684086
-0.78424
-0.691185
-0.195827
0.237737
0.463151
0.199569
-0.658632
0.969532
0.733438
-1.81899
-1.00513
-0.686597
-1.40573
-1.75766
1.31201
-0.787878
1.03159
-1.16021
-0.208822
2.70734
-1.02446
0.658531
-0.900517
-1.74422
-0.715462
-0.864974
-1.47674
-0.223297
0.438658
-0.589424
2.05338
-1.20791
0.775178
-0.526791
0.504227
-1.29929
1.2747
-0.0326295
0.600037
2.09677
-0.511791
-0.719824
0.105011
-1.67754
0.312682
1.65906
0.01919
1.02192
-0.161884
-0.469953
0.666028
0.0618986
-2.16465
-0.14466
-0.301632
-0.42893
-0.917025
-0.246252
-1.21739
-0.95331
-0.213381
-1.6277
-1.65223
0.289434
-1.96369
0.647439
0.115321
-0.557682
-0.596519
1.16476
-0.70611
0.685803
0.458646
0.376325
0.362581
1.85285
-1.79497
-0.0196146
1.78112
-0.0848072
0.859762
-0.807601
-0.335539
0.362839
0.690288
-0.977408
0.0208824
-0.0961781
0.163271
-0.0665669
-1.09911
0.964493
0.0377069
-1.08988
-0.395825
1.63747
-1.68312
-1.53874
-1.20656
0.840248
0.781963
1.53595
0.6334
0.508975
0.315997
0.650742
0.311029
-2.96206
0.511678
-1.56354
-1.64695
0.0690674
0.823798
-0.275037
1.25362
0.145916
1.23185
0.967941
-2.19402
-0.426634
2.47364
-0.826333
0.858492
0.337957
-0.387536
0.187136
-0.0612654
-0.913275
0.893597
-0.330636
0.338369
0.534161
-0.0819471
-0.623441
-0.66756
0.0671211
-0.582144
-0.944326
0.0463246
-0.990665
1.03486
-0.126536
0.386997
0.816422
0.817022
0.810391
-0.257212
0.342947
1.01643
1.12787
0.0524741
-0.304929
0.745654
2.21589
-0.533218
-1.2224
-1.13779
-0.642746
0.318249
0.39437
0.0513056
-0.115335
-0.449589
0.385652
-0.285281
-0.0478537
-1.64908
-2.10616
0.789284
0.525237
2.35538
-0.766826
0.00146221
-1.12933
-0.963587
0.188841
0.136811
-0.00519726
-0.195239
0.342749
-0.446816
-0.352835
-1.86578
-0.603897
-0.312526
-0.4151
-0.647777
0.10232
-0.728814
-0.330287
1.01698
-1.14616
1.55053
0.526417
-0.520536
-0.378049
0.991145
0.403881
0.294185
-0.541749
0.0962003
-2.07372
-0.606056
-0.647546
-0.155295
-0.043671
1.01287
-0.609044
-1.45932
0.63654
-0.977269
-0.634357
-0.595389
0.0733398
-0.27187
0.86292
0.826084
0.820424
1.03188
1.69693
-0.503324
1.42297
1.17061
-0.496411
0.731122
-0.330734
0.27869
-0.129755
1.2121
0.518479
-0.510861
0.118404
-0.470228
-1.14874
-0.253038
0.565564
0.39999
1.06728
0.792543
0.0124686
-0.115034
0.742969
-1.10349
-0.551307
1.98642
0.351691
-1.50379
-0.25265
0.0990882
-0.0878923
0.0329125
0.531772
0.505041
0.435882
-0.191887
0.846799
-0.548079
-0.00436871
-2.15297
-0.239417
-0.277989
-0.894576
0.100676
-1.29116
-0.735933
0.515218
-2.27143
0.670551
0.238243
-1.515
-2.81657
0.879062
0.583325
0.217985
0.314663
-1.54226
0.7478
0.675014
0.8338
0.545921
0.758776
0.495663
0.00998449
-1.21767
-0.149415
0.374574
0.12047
-0.535351
1.89784
-0.250136
0.439215
0.739615
-1.12517
-1.17243
1.59272
-0.539991
2.36852
-0.695651
1.28965
0.326233
-0.0977409
1.42142
0.0875857
-0.475668
-0.549624
0.343719
-0.188169
-1.49707
-0.13639
-0.604716
0.338944
-0.241131
-1.39252
-0.0686036
1.60214
1.59215
0.229054
-0.0229554
1.22766
0.109374
-0.566331
0.148582
-1.43468
0.120879
0.606383
-0.165324
0.0694092
0.76155
1.48847
-0.599589
1.29013
1.85805
-0.606834
-0.167145
-2.77746
-0.359786
-0.491716
0.183964
-1.30986
-0.867788
-1.99546
1.0599
0.126173
-1.22972
-1.98789
-1.5117
1.25062
-2.22671
-2.38267
-1.24429
-0.794855
-1.53776
1.45449
-0.258446
-1.86997
-0.769117
-0.712697
-2.28124
0.0738867
-0.383355
0.219771
-1.52384
-0.387796
-0.791402
0.832943
-1.43938
0.616905
-0.990552
-0.178328
-1.70037
0.623115
0.194831
1.79854
-0.831736
-0.702711
-1.47449
0.731505
-0.994311
0.64689
0.135606
-0.264314
-0.237893
0.446644
0.582568
1.34863
0.359399
-0.0171091
-0.400312
-0.249085
0.730967
-2.36574
0.269931
-1.59466
2.16943
-1.26495
-1.35464
0.20902
-0.702151
-0.136107
0.867696
0.353821
0.250814
-1.20197
-0.88416
1.5564
-0.128387
-0.235619
-1.03148
-0.692873
2.11088
0.37079
0.724263
-1.0926
0.0360281
1.72143
-0.955967
-0.297413
2.23627
-1.42604
-0.0740047
0.0159576
-0.564668
-0.78648
-0.609807
-1.47323
-0.151263
-0.371983
1.02898
0.723
1.37496
-1.73561
-1.369
-0.377631
0.342263
-0.809954
-0.329255
-0.576034
-2.45191
0.410811
0.988708
0.97155
-0.371728
1.13222
-0.582668
0.118463
-0.50868
0.0715024
1.08628
0.589554
0.693023
0.534389
1.15378
-0.25458
0.341914
-1.53173
1.612
-1.07645
1.77281
-0.0685293
-0.198955
-0.68553
0.672028
-0.784902
0.671607
-0.822859
1.02357
-0.722823
-0.768598
-0.409743
-0.152715
-0.886839
-0.0171812
-1.43296
1.10994
0.610207
-0.683912
-0.659086
0.790342
-0.671344
1.0398
-0.346616
0.899936
0.382996
0.335185
-0.468104
0.357617
-1.52074
1.28636
2.03896
1.48635
-0.695536
1.18612
-0.178978
-1.15288
0.331798
-1.94272
-0.00958031
-0.16503
-0.156594
-1.5434
-0.120351
-1.15053
0.472712
-0.0872006
1.6153
0.570843
0.538603
1.89227
0.194599
-0.404675
1.15585
-0.208021
-0.69152
0.673498
-0.242804
-0.862219
-0.505545
-2.36612
0.0683645
0.409301
-1.12266
0.816012
-1.38404
1.70284
1.00004
-2.3444
1.45686
0.0728919
1.3115
-0.103958
-0.0048102
-0.200267
0.632164
-0.0820045
-0.314809
1.86436
-0.729217
-1.03507
-0.0331532
-1.53528
-1.27543
0.278172
-0.547084
1.02307
-0.515445
0.0323376
0.792868
-0.76619
1.07576
-0.207318
-0.0455524
0.329412
-0.0421759
0.976215
0.958121
-0.463933
0.416858
-1.88481
0.968051
-0.00229717
1.80912
1.18639
0.328267
0.828624
-1.23489
1.23059
0.0817174
1.39292
-0.0627942
-0.679087
0.390629
1.05003
0.368671
0.134349
0.109336
-0.634923
0.491382
0.871065
1.44157
-0.619939
-0.277392
-0.292749
-0.179014
-0.472072
-0.965899
-0.888553
0.553804
0.318289
0.210696
-0.563789
0.890037
0.556014
-1.39209
0.160296
0.272525
1.75712
-0.550043
-0.910194
-1.11688
-0.226355
-0.869575
-0.391036
1.45803
0.253496
0.357779
0.0358686
1.20659
0.0442871
-2.62853
-2.04058
0.532338
-0.945647
0.567835
0.145696
0.832732
-0.103481
0.672366
1.64605
-0.246919
0.978204
2.51145
0.275567
-0.943326
1.17347
0.342062
-1.23283
0.878372
-0.29515
0.372401
0.170473
0.397725
1.64564
0.134061
-0.494432
0.198404
0.395897
-0.59324
0.0414093
1.02921
0.0519556
-0.0513046
1.41808
-0.47593
1.23359
0.105329
-0.172709
-0.0780559
1.95467
1.00727
0.942742
-0.696347
0.904894
-0.738302
0.0624619
0.0454963
-1.28087
-0.829929
0.0228156
-0.329787
1.72486
-0.675347
0.780578
0.316474
1.19467
1.60511
-1.31801
0.162169
-3.19078
1.93335
-0.160047
-0.363291
-0.580167
-0.739049
-0.562516
-0.569493
1.09108
1.09038
-0.269569
0.499556
0.886673
0.230924
-0.64324
1.12003
0.27244
0.556881
-1.3711
3.34867
-0.821786
0.0830125
-0.457415
-0.53625
1.41176
-0.923074
-0.450955
-0.586233
-0.0859462
1.17391
0.356525
1.97732
0.172421
0.679521
-0.419178
0.219984
-0.887261
-0.422458
-1.26013
-0.0981016
1.08703
-0.484481
0.656196
-2.54672
0.47327
-0.917324
-1.14207
-0.617266
0.806002
-1.73954
0.640484
0.915274
-0.366056
0.916352
-0.0054564
1.04281
0.138422
0.847856
0.643596
0.217323
0.927036
1.83067
0.944284
0.362361
-0.175215
0.762359
-0.442687
-0.202862
0.071529
0.952294
0.0768695
1.94325
-0.899309
0.889955
-1.72589
-1.13963
-0.942746
0.0656425
0.410627
0.543929
1.62039
-0.400324
-0.485052
0.666933
0.979936
1.41693
0.523476
-0.412561
0.103138
0.414786
1.20816
0.748193
0.729699
-0.738792
-0.0988052
-1.00053
-0.424623
-0.399924
0.9134
-0.924386
2.00116
-0.413123
-1.38556
-1.39384
1.61186
-1.85634
1.68158
0.266633
-0.464162
-1.58009
2.36536
-0.68507
0.84122
-0.271942
-0.673981
-0.814295
1.02024
0.199436
-1.08289
1.16843
0.359825
0.853237
-0.77695
0.466004
-0.391873
-2.01095
-0.158394
1.04423
1.85531
-1.026
-1.09056
0.672148
1.42144
0.122719
0.963515
0.323725
-1.8228
-0.920738
0.390905
0.12083
0.601467
-0.0779811
-0.74001
1.10869
-0.0331009
2.42958
-0.929561
-1.70882
-2.08014
-0.938461
-1.02108
0.646234
-0.270718
0.210584
-1.73676
-0.225701
-0.055653
0.0809364
-0.400445
-0.280366
-1.79436
-1.25335
0.735253
-0.285461
-0.0378011
-0.600164
0.259642
0.712261
1.64254
-1.10346
-0.564795
2.37621
-0.350252
-2.02702
0.24557
0.232071
-1.46713
-0.0235826
-0.501549
-0.0115186
-0.78368
1.0863
0.550584
2.24033
0.49505
-1.70872
-0.302744
-0.262488
-0.217601
0.0734309
1.06292
-0.792812
-0.357508
-2.17841
0.756179
-2.10116
1.19251
-0.217893
-0.582758
0.718929
0.503489
-1.1904
-2.65589
-1.32538
-1.7129
-1.39598
1.4428
0.231819
0.0826797
-0.510263
0.0598465
0.694179
-1.3504
0.282005
0.318088
-1.45131
0.469545
0.138931
0.645147
1.23425
-0.600195
0.213502
0.310725
1.18867
-1.22082
0.104013
-1.15361
-2.30441
0.20102
-0.307189
0.523091
0.409426
-2.43988
-1.3815
0.293505
0.32091
-0.626238
0.0834552
1.54616
-0.324445
0.376171
0.809452
-0.00346695
0.245562
-0.672359
1.70362
-1.32326
-0.727272
1.34801
0.433446
0.470871
-1.77075
-0.538068
0.889648
-0.98181
-2.15804
0.824528
0.239189
0.0370223
-0.890686
1.01512
-0.851552
-1.51717
3.71231
-0.0994918
0.882392
-0.395443
-0.796066
-1.64962
-0.353702
0.0434625
0.685242
1.14787
1.23601
1.13361
-0.0515647
-0.706429
2.51786
-1.34157
-0.521587
0.0552237
1.45486
-0.958707
0.95028
0.128537
-1.74997
2.37153
0.773085
-0.772397
-0.912466
-1.04232
-0.967066
-1.08469
0.650366
0.143678
-0.411761
0.58878
1.1136
0.72936
1.12836
0.286865
-0.172633
-1.01024
-1.39843
-0.0769688
-0.241107
-0.952919
-1.4691
0.620299
-0.667849
-1.36589
-1.74178
-0.373697
0.77453
-0.87792
2.4625
1.23027
0.378397
-1.18674
-1.11701
0.232848
1.11965
0.604725
-2.75238
-0.0735585
-0.266522
0.571237
0.28935
-0.648286
0.374545
0.405752
0.562256
0.597183
1.44847
-1.94544
0.752039
-0.0209207
-2.13055
-0.498816
-1.36507
-1.17653
-0.138846
0.975317
-1.08924
0.0177295
0.323311
-1.63534
1.17926
-1.6191
-0.224004
0.592727
0.552219
0.148271
-1.03417
-1.48774
-1.1168
1.08588
-0.677033
0.38688
-0.849824
-1.35817
0.023318
0.5239
-1.25703
0.834698
0.905925
0.772312
0.302876
1.38625
-1.14739
-0.0063276
-0.284491
0.91122
-0.453672
-2.03689
0.193864
-0.465231
0.0119385
0.177853
-0.713568
-0.531514
-0.684182
0.0903823
0.231464
0.846777
0.228333
0.707385
-1.0951
-1.03799
-1.16857
-0.383042
0.0632369
2.08716
0.0938319
0.573147
0.477654
0.0985348
-1.49238
-0.459297
-1.07401
-0.17055
0.168347
-1.35026
0.478558
-0.39904
-0.812893
-2.29856
0.72064
-0.151541
1.16626
2.63796
0.064078
-0.902194
-0.166594
0.227643
-1.71794
-0.291029
-0.0953405
1.06552
1.04252
-0.122169
0.0527577
-1.27819
0.635664
0.762605
-0.722053
-1.75533
1.10435
2.02474
-0.363602
-1.60977
0.333049
-0.0294498
-0.715719
-2.12223
-1.11123
-0.318501
-0.795492
-0.993831
0.446669
1.15877
0.577377
-0.161421
-3.12482
-0.439124
0.762136
0.309816
1.549
0.884216
-2.27115
-0.804041
-2.93669
-1.0971
0.404055
0.839591
0.417692
1.54981
1.07579
-0.11177
-0.336793
0.061767
1.49259
0.747748
-1.13784
-1.0337
0.916705
0.259297
0.575735
-0.24994
-0.835638
2.19588
0.149895
-1.71589
0.522342
0.273483
2.87542
2.60518
-0.4342
-0.519798
0.681982
-1.05762
-0.879802
1.97091
-0.323414
-0.926627
0.351115
0.793653
0.148542
-0.337614
-0.987846
1.00696
-3.37625
0.163599
-0.641392
-0.283419
0.200807
-1.09306
-0.0505844
-2.63245
0.876955
-0.332701
-0.230663
-0.0538182
0.461278
0.744146
0.41304
0.30949
-1.21698
-0.333135
0.681432
0.667345
0.736954
-2.33811
-0.0859551
-0.505211
-0.13373
0.116453
0.149624
-0.210873
-0.0413041
-1.05101
-0.509265
-0.864117
-1.15414
0.842295
0.231817
-0.300743
0.841586
0.710285
-1.19788
0.574083
0.463832
0.482087
0.0230918
-0.347025
0.248491
1.87084
-0.932791
-1.00466
0.000325718
-0.0678718
0.690961
-1.39995
-3.35443
-0.877307
0.095761
0.921366
-0.228494
0.582237
0.488362
2.19545
1.07755
0.313668
0.443746
-0.694154
0.40789
1.67935
0.994358
0.174681
-0.563744
0.366799
-0.535812
0.408158
-0.283481
0.0177925
2.39301
0.624182
-1.64018
-2.19755
-0.763823
2.62068
0.217183
0.137569
-0.271305
0.963399
-2.51637
-0.286357
0.749958
-0.613716
-0.0487028
-0.599499
-0.217862
-0.65692
-0.239713
-0.607949
-1.93003
1.3942
-0.131829
-2.042
-0.522153
-1.2582
0.707464
0.028123
0.560415
-0.112084
-0.410565
0.964178
1.30516
0.885567
-0.112934
0.470354
-0.867155
1.82524
0.423842
0.115541
-0.0635028
-1.6723
-0.407733
1.13817
-1.00358
-0.0989435
-0.570537
-2.0222
0.991073
-0.674018
1.07179
-1.56846
-0.352491
0.372232
0.670206
-0.196128
-0.868981
-0.150381
-0.00165813
1.20497
-0.422596
2.00688
-1.25891
-0.461582
2.17012
-0.368343
2.13729
-0.211276
0.561485
0.294129
0.41599
0.255546
-0.102201
-0.138547
-1.87856
0.371591
-1.5554
0.0378411
-0.29508
-1.45552
1.32177
0.0850235
-0.0278328
-1.50043
1.14501
1.80821
0.684643
-1.8263
1.31755
-0.0523093
-0.830632
1.19705
-0.182549
-1.62132
-0.0273017
-1.18951
1.57926
1.23224
-1.22777
1.28155
0.595622
1.55993
0.33333
-0.206011
0.360329
-1.23296
-2.9158
-1.32452
-0.000668655
-0.185873
1.78455
2.49677
0.312479
1.27193
-0.369862
0.169047
0.956171
0.836078
0.826027
-0.327882
0.0402628
-2.29451
0.393183
0.421532
-1.31647
0.746659
1.31905
0.475796
0.808003
-0.169831
-0.717143
-0.308997
-1.03648
-1.97153
-0.943235
0.625736
0.114005
-0.191754
0.934332
-0.933947
-0.325033
0.42589
-1.09537
-1.3641
0.112335
0.869037
0.937696
1.44036
0.61863
0.171705
-0.68854
-1.22326
1.65629
2.10791
0.33939
1.64807
1.90644
-0.647517
1.3634
-0.174641
1.24512
-0.249003
0.622313
-1.15292
-0.670828
1.82053
0.326543
-0.382107
0.423154
1.17807
0.801099
-0.0231033
0.132341
-0.884054
0.745029
0.556456
0.0888331
-0.37069
1.21422
-0.401823
-1.08955
1.45417
-1.57284
1.20271
-0.987127
-2.49934
0.148378
-0.587115
-2.19214
1.67883
0.0151181
-1.21609
0.56367
0.129724
-0.227759
-1.28835
-1.16092
-0.068628
-0.154189
1.38836
-0.462868
2.00815
1.12893
-1.38509
-0.235987
-1.74804
-1.18685
-0.225304
-1.49448
-1.13245
-2.20144
1.21326
-0.937916
2.05179
-0.250584
0.641768
0.204118
0.214996
0.268351
0.742405
-1.60922
-2.12851
1.50382
2.30914
0.478438
0.0830764
0.20883
0.819252
0.141608
1.33611
-0.0593653
-0.0920731
0.71305
-0.384575
0.644069
-1.28211
1.9284
-1.23223
-1.17436
-0.905834
0.787103
1.81831
1.43059
-0.388354
-1.23954
1.28939
2.45602
0.265739
0.183821
-0.118279
0.295012
-0.962955
1.74903
-0.112462
-0.948569
-0.179692
0.574079
-0.0658622
-1.07225
0.573547
0.811115
-0.657863
0.178432
-1.45373
0.520505
0.302722
0.295209
-1.11786
0.491203
0.279248
1.76369
-0.752248
-1.03408
-0.871369
0.330394
-1.12115
-1.29945
0.0102782
-0.254647
0.0431736
0.267825
1.37034
-0.333756
1.38853
-0.42357
-1.70591
0.453953
-1.02038
-0.780771
-1.07494
0.151816
0.414086
0.361408
1.56732
-1.29277
-1.07692
1.24076
-1.46121
1.31819
1.24195
0.73382
0.397636
-1.13513
0.066721
0.455468
-0.564141
1.19795
-1.08495
0.714799
-1.03685
-0.379013
-1.30246
-0.522479
-0.710825
-0.655172
-0.571257
-0.0681486
-2.0911
0.694495
-0.271697
-1.1157
0.490826
1.27158
-1.36549
0.346817
1.37447
0.820185
-0.350532
-0.384865
-0.698037
-0.664415
-1.08099
1.58014
-1.3756
-1.80423
0.304864
-0.377842
1.14107
0.939843
-0.283429
1.17679
0.298905
0.00281051
-0.0126315
-0.664787
-0.696064
-1.32649
-1.39007
-0.454079
0.152951
-2.28001
-0.546367
-1.39541
-1.79688
-0.169588
0.212849
1.2809
-0.335272
-0.0645797
1.37731
-0.00155614
-0.457594
0.467369
-0.978816
-0.895577
-0.758934
-0.270435
1.43009
2.50476
-0.0247266
0.934655
0.782542
-0.709785
-0.0748925
-0.659199
0.406484
-0.286041
-1.11017
-0.945525
0.13077
-0.954491
-1.36648
-0.248336
-0.542668
0.185563
1.246
0.437329
-1.39033
-2.05086
0.13791
1.07093
-0.617342
-2.14074
-1.43255
0.185972
-1.89147
0.327794
-1.36853
-1.57062
0.649424
0.757934
-1.99855
-0.913319
0.594414
-1.07659
0.795849
0.465702
-1.28205
0.47812
0.768469
-0.998619
1.17539
-0.564297
0.130061
0.887667
1.02315
-0.649625
1.41291
1.39596
0.313806
0.879552
0.0772234
1.1047
-0.90783
-0.0204815
-1.0391
0.202425
-0.577205
0.446691
0.347001
0.36149
-1.49352
-0.75917
-0.0588628
0.999982
0.965393
-0.040488
-0.274959
-1.47991
0.0342088
-0.244059
-2.59649
-1.50112
1.04392
-0.645328
0.191797
1.10967
-1.94544
0.589678
-0.0097639
-1.4313
0.350728
0.984867
-1.07437
1.24129
0.439068
1.01307
0.314057
-0.114998
0.466945
-0.372104
-0.285401
0.00791114
-0.159744
0.6044
1.48367
-0.303103
-0.541973
0.0300569
-0.159569
-2.40245
-1.07072
1.10074
1.76053
0.248567
1.00967
-0.694729
0.260594
-3.02716
1.03132
1.19638
-0.965546
-1.26948
1.35157
-0.781286
-0.0608365
-2.03757
-1.15759
-1.05861
-1.38342
1.79052
-0.321994
-0.121515
-0.971406
1.21366
-1.72569
1.00893
-0.834781
-0.630519
-0.319651
0.0112695
0.570051
0.0901735
0.187472
1.58205
1.6403
-1.06931
0.206717
-0.540115
-1.56486
1.18896
-0.0560247
-2.12339
0.485203
0.432677
-0.554751
-0.687059
0.471594
-0.121904
-0.0216872
0.117813
-0.134636
0.632786
-2.67156
1.07791
0.914022
-0.29334
0.971487
1.94146
-0.242459
2.05648
0.519899
1.20905
1.14051
2.99485
1.11185
-0.0384583
-0.0769257
1.53151
-0.547955
-0.0400626
-1.10911
0.0652262
-0.437079
-0.0405412
-0.397531
0.66516
0.950991
0.183628
0.278039
0.412232
0.250874
1.69002
0.637325
-1.46032
-1.05164
1.00097
-0.73896
0.630755
2.32286
0.3402
-0.430206
1.22095
-0.753702
-0.685213
1.83546
1.17681
1.0832
0.733515
1.41627
1.11405
-0.0837483
-1.1958
-0.632388
0.621132
-1.26071
-1.0385
2.24544
-1.99142
0.220863
1.45157
1.19612
0.343689
0.127282
1.81397
-1.24344
0.588145
-1.10343
0.0256215
0.328255
0.587113
-0.608117
2.87482
-0.321818
-0.312859
-0.959949
-0.050605
2.27991
-0.540289
-1.58905
0.579675
0.988279
-1.72989
-1.50361
-1.8608
-2.50918
-0.23009
-0.361012
0.369231
-0.33931
-0.300778
1.34422
0.10434
-0.122074
-0.54099
-0.310919
0.0927121
-1.56169
0.0125391
0.859611
0.184451
0.313012
-0.997017
-0.432624
0.356942
0.0682087
-1.2682
0.270872
-0.317699
-1.34343
-0.86171
-0.156568
0.251661
1.29129
-0.356867
0.223806
-0.120786
0.947234
-0.337628
-0.541251
2.10971
0.770842
-0.12301
-1.01779
1.24398
-0.116576
-0.705493
-1.31225
2.39844
1.29674
2.41836
-0.38303
0.591547
0.397216
0.211007
-0.077468
-1.53709
-0.600021
-1.22247
0.515081
-0.493582
-1.74345
0.299277
-0.583662
0.231358
-0.432766
0.724028
0.653873
-0.618227
-1.48995
0.231366
-0.314943
0.312289
-1.56652
0.180949
-0.858648
-1.6792
-0.852694
-1.03757
1.1766
0.448915
-0.422904
0.138224
0.660729
1.22522
0.397228
-1.54727
-0.265918
-0.429227
-1.16631
0.694391
-0.66896
-0.194755
-0.0969344
-1.13037
0.124546
-1.44584
-1.49704
-0.14577
-1.4342
-0.425069
0.598809
-0.0295831
-1.96141
-0.252336
0.358409
-0.00330341
-0.444303
-0.110875
0.754772
-0.162818
-0.360778
-0.841469
0.747216
1.08463
0.46133
-0.833538
0.259464
0.556088
1.08923
-0.59324
0.30094
0.996749
0.597209
-0.725967
-0.798083
0.407045
1.09802
0.387777
0.510716
-0.79667
1.39055
-0.432793
1.07288
0.967868
-1.06286
1.25357
-0.274219
0.0766523
-1.47471
0.191027
0.678873
1.28998
-1.05047
1.32856
-1.49842
0.700188
1.05305
-0.618422
-0.176994
0.289492
1.74505
-1.83524
-1.95214
0.925169
2.10035
1.95186
0.127011
-0.962436
-0.41471
-0.17097
0.951554
-0.166197
0.134006
-2.21508
-0.129833
-1.0097
0.496854
1.92413
-0.872335
0.0312107
0.709085
-1.61752
-0.139099
-1.34802
0.16609
1.18024
0.541756
0.821983
0.728995
0.127973
-0.829959
0.448504
0.528116
0.261483
0.0290303
-0.280946
-0.833326
0.430328
-0.158989
0.0212837
0.888509
-0.135358
1.3072
-0.560051
-0.0415517
0.0144913
0.224802
-0.721953
-0.838908
-0.0679705
1.60201
-1.12583
-1.34858
2.17142
-0.897908
0.775613
-0.273118
0.0115566
-0.997026
-1.05732
0.616844
-1.50056
0.899189
-1.14181
-0.760818
-0.614226
-1.67848
-0.254196
-0.593642
0.836374
-1.35056
0.692464
1.75842
0.14205
-0.858923
1.65865
0.205396
0.592037
1.78977
0.105318
0.386652
-0.867669
-0.84915
0.0536223
1.98965
-1.23335
-0.111151
-0.870689
-0.629762
1.23928
0.631206
1.30251
0.00585154
-1.73474
0.993747
0.0223368
-1.09123
-1.11038
-0.860426
-0.380725
-0.319399
-0.873199
0.321698
-2.20289
0.0484867
-0.622316
-0.779985
-0.926288
0.308407
1.35456
0.952001
0.380495
-0.547991
1.5076
2.69524
0.15351
-0.284471
1.72272
-0.85071
-2.38322
0.857337
0.855112
0.486248
1.88108
-0.402709
2.15662
0.52405
0.493267
-0.836485
-0.304711
-0.676421
-0.272378
2.69492
-2.00877
-0.159084
0.582568
0.127797
-0.00703607
1.8206
1.18905
1.7348
-1.32046
0.154406
-1.17904
-2.69507
-1.35349
-0.590255
-0.697152
1.03739
-1.85788
1.19162
0.368492
-1.62446
1.01945
0.198725
1.497
-0.948835
0.0989603
-0.479067
-1.53677
-0.744544
-0.420624
1.2781
-1.01913
-1.69963
0.0681445
-0.104117
-0.733359
-1.04802
-0.86138
0.796473
-0.579746
1.19303
0.833836
1.41187
1.61373
0.0832852
-0.475312
1.39376
-0.968831
0.280045
0.0989188
0.365169
-1.27071
-0.371658
0.714875
1.94181
-0.121491
0.341278
0.599705
-0.375397
0.742031
-0.610267
0.844187
-0.167967
-1.33073
-1.78122
0.0494604
1.35078
-0.318766
0.135087
-1.31075
0.478014
-2.81379
-0.158932
-1.22197
0.104047
-1.449
2.31099
0.537733
-0.72967
-0.788435
0.238881
0.273383
0.130925
0.2141
-0.00506191
-1.33895
0.47245
0.928144
-0.795368
0.826487
0.378559
-2.06346
-1.37847
0.982542
1.30686
1.63858
0.556924
-1.84042
-0.755383
-0.248133
-1.93921
-1.08376
-0.0858264
1.22879
0.398669
-0.466123
0.0291016
-1.37774
1.02788
0.55992
0.988508
0.204071
1.06315
0.247255
-1.12319
0.740328
2.38777
1.47224
-0.119675
0.715521
0.0743272
0.645243
-0.707163
1.28639
0.730535
-0.794196
0.79683
-0.430595
1.28245
-0.887196
0.893642
0.403491
-0.29369
1.15157
0.113828
0.660916
-0.612987
0.277796
1.71811
-0.110432
0.666407
-0.564826
-0.387559
1.65815
0.936664
0.121621
0.681286
0.681952
0.580115
0.0599754
0.335351
-0.4159
1.80207
-0.355769
-0.569548
1.33205
-1.04218
0.59244
-2.18574
-1.7436
0.342771
0.278281
0.592071
-0.242902
0.604411
0.0762726
-1.93076
-0.635868
-0.46346
-1.28959
-0.225865
0.913606
-1.13466
-1.02942
-0.243694
-1.10801
1.4994
-0.292173
-1.41925
-1.03793
0.736053
1.74263
0.950311
-0.00174997
-0.975898
-1.57473
-1.98232
-0.163644
-1.40746
-0.164473
-0.0135924
-0.978265
-0.178537
1.1473
0.399882
2.88084
-1.03868
1.60055
-0.588607
0.0179214
0.813347
1.01986
-0.302614
1.23561
-0.2014
1.14034
0.39945
-0.211415
0.966826
0.549957
0.521227
-0.323032
-2.10032
-1.01342
-0.730601
1.30294
0.379418
1.62728
0.723588
1.01166
1.57293
0.70703
-1.21261
0.723341
-1.13792
0.275298
-0.476651
-1.0328
-1.37689
-0.919527
-1.16674
-0.398198
-0.0990675
1.31128
0.120131
-1.08114
-0.505965
1.02898
0.7103
-0.481595
-0.00872807
0.661147
1.54636
-1.30884
0.330183
0.651484
-0.86025
-0.746131
1.26467
1.38523
-0.0180685
2.08349
1.21872
-0.59345
1.28425
-2.76151
-0.352652
0.848681
-0.165595
-0.496395
1.02688
0.565118
1.07656
0.59017
1.32615
-0.166866
0.692694
-0.408308
-1.00482
-0.0489643
1.08769
1.69066
0.599872
0.975172
-0.591114
-0.366744
-0.887455
0.650445
0.252506
-1.15209
1.61458
0.175651
-0.584593
2.36524
-1.01445
-0.523414
-0.475174
0.122138
1.31685
-0.739854
0.526617
0.764738
-1.23094
-2.28551
-1.24829
-0.553987
-1.34855
0.480933
0.958249
-1.03025
0.0191809
-0.181168
-1.13113
-0.0825428
1.11763
-0.550752
0.341718
2.5871
0.971823
-0.204488
0.399009
-0.507027
1.51862
-0.741589
1.49091
0.604787
-1.03581
1.72468
0.41173
-0.958473
-0.634198
-1.09839
0.405359
1.44952
-0.524571
1.86387
0.634344
-1.20935
0.826481
0.451701
1.31692
0.0575022
0.328045
0.0997529
-0.0465009
-1.44249
0.872261
-0.701651
1.50899
0.623625
0.919078
-1.08353
0.282439
-0.456956
-2.34705
1.48163
1.01667
-1.0706
-1.69308
0.536925
0.436473
-0.275965
0.138256
-0.659674
1.17713
-0.288804
0.0683745
-0.870915
-0.188094
-2.22173
-0.526856
-2.19556
-0.429238
0.0872828
-0.259153
-1.52311
-1.16613
-0.521473
-0.329207
1.24349
-0.592725
1.42376
-3.18895
-1.06205
0.479068
2.01741
-1.15046
0.0237266
-0.152502
0.530909
1.17671
0.0750275
1.98478
-0.216972
0.699368
0.53561
0.425559
1.45036
0.209778
0.805178
3.16445
0.109679
0.0314506
-0.729903
0.0210821
0.110125
-2.29418
-1.4512
-1.56858
0.45319
-1.19735
-0.610787
-0.645198
1.52891
-0.673214
-0.324126
0.928943
0.503242
1.78973
-1.51709
-0.0444898
-0.946689
-1.31574
0.164935
-1.10809
-0.480592
0.473415
0.883498
-1.44265
0.307911
1.26317
1.36327
0.149222
-0.469144
-0.433639
0.693805
-1.30062
0.354585
-0.417525
1.14623
-1.05453
0.923706
-0.875588
-2.0451
0.655104
0.696775
0.389852
0.828081
0.185096
-0.901759
2.62349
-0.0570884
0.234014
0.305438
0.664583
0.701929
0.464282
-0.950374
-0.832546
-0.642152
0.348365
1.32967
0.559438
0.932615
0.344721
-0.267515
-0.691495
0.0906644
-0.801044
0.851954
0.374447
0.135399
-0.971577
-0.359218
2.06334
1.00035
-1.43631
0.940211
-0.402572
-1.70473
-1.44679
0.206167
-0.310769
0.118675
0.726906
0.448612
-0.81477
-0.705688
-1.0951
0.255743
0.153112
1.21757
-0.739314
-0.715861
0.17871
0.786345
-0.157196
1.30675
-0.0322528
-0.738389
2.03227
0.580473
0.318519
-0.837864
0.987448
-0.388373
1.41598
-0.226276
0.727233
-1.81878
-0.743372
-1.14024
0.474508
0.73615
-0.0941826
0.32152
0.546719
0.427997
0.908869
-0.845784
1.99212
-0.47021
0.229582
-0.780117
0.313382
-2.52927
0.949935
-0.467303
-0.027952
-0.805056
0.569199
0.208964
-3.43643
0.383166
0.819061
2.14183
1.20272
0.534058
-0.280067
0.405335
1.12016
-0.891467
1.05125
-0.319925
0.158228
-0.609065
1.26771
-0.119294
0.793719
0.625923
-0.329972
0.827671
0.268069
-0.319567
-0.270124
-0.91359
0.202778
0.336377
-1.03615
0.578754
-0.494096
-1.1092
-0.760171
-1.22212
0.30179
0.969314
0.848458
-0.913481
-0.972673
0.237717
-2.61525
1.79204
0.369503
0.381783
-1.70129
-0.249418
-1.59956
0.401385
0.950211
1.17654
0.285044
1.05428
-0.260472
-1.11077
-0.627499
-0.806087
0.358669
0.306889
-1.33467
0.256618
-0.212797
-0.286648
-1.01894
-0.646504
-0.0466078
-1.09284
-0.290357
0.7687
1.37122
0.596113
-0.622811
0.287453
2.11605
1.08656
-1.28499
0.188773
1.73769
1.40662
0.18122
1.20615
1.00285
-0.822822
0.905653
-0.805148
0.636207
1.80081
-0.983218
-0.646779
1.18555
0.21645
-0.306756
1.17752
-0.406138
-1.62084
1.52843
-0.197914
-0.683179
-0.825703
1.845
1.25526
1.37699
-0.385191
0.60129
-0.857315
0.0357611
-1.22913
-0.272289
0.292769
0.578629
0.783512
-0.253668
-1.22537
0.458729
-0.110194
0.699337
-0.806466
0.648556
0.648258
-0.13738
0.169509
-0.704802
-0.430364
0.756253
1.15065
-1.43096
-0.127032
-1.15802
0.573657
-0.11149
-0.380318
0.135738
-0.837874
0.939786
-0.205821
-0.337202
1.17676
1.26332
1.81115
-0.177894
-1.49957
0.447072
0.22831
-0.787348
0.00215064
-0.269758
0.0254076
-0.524339
-1.82286
2.17544
-1.41832
0.0624021
-1.01155
-0.572792
-2.04464
0.882947
1.47957
0.223848
0.695376
-0.576928
-0.402387
1.28969
-0.40514
-0.637292
-0.159508
1.07348
-0.0260705
0.693974
-1.12947
0.878987
1.001
0.220336
-1.25072
0.730468
-0.325535
0.482306
0.855308
0.408405
-0.650663
-0.227263
-1.71076
-0.0881973
-1.47085
-1.61715
0.521779
-0.132284
0.660633
-0.895143
-0.999994
1.43804
-1.82103
-0.543094
0.0310964
0.306764
0.333053
-2.03824
0.973671
-0.132672
-0.512767
-0.736113
-0.39871
0.842317
-0.553105
0.096426
1.68272
-0.552197
0.344886
0.568257
-0.292815
-1.46851
0.371095
-0.422955
-0.891336
-1.27531
-3.11382
0.864632
-0.480209
-0.310607
-0.505482
0.412343
-1.17763
-0.708685
-0.852511
-2.44603
0.80783
0.0479403
-0.669884
-0.764842
0.620067
-0.971871
-0.478448
1.52637
-0.480553
-0.29548
1.25561
0.829017
1.72585
0.643453
1.05783
0.0602617
-1.14889
-2.03295
-0.626412
0.96002
-1.05782
1.07816
-1.6085
0.117542
-0.502762
1.97069
-2.06254
0.602494
-0.165087
-0.607114
0.116878
-2.0536
0.76035
-0.264842
-0.604341
0.294189
1.13408
-0.367042
-0.503805
0.278661
-1.04973
0.994916
0.848145
-0.42774
-3.32789
1.09983
0.195399
-1.04869
0.755401
1.05415
-0.734622
-0.595622
0.0886078
1.22945
0.431401
0.574658
-0.423001
0.287409
-0.254725
-0.236876
-1.53525
0.0959637
0.935599
-0.167487
1.03379
0.721137
1.07324
-2.84567
-1.06055
-1.36269
-1.74006
0.96062
0.716992
1.22046
0.988104
0.50108
-0.301937
2.52709
0.555403
0.483785
-0.0036948
0.218147
-0.287615
0.118011
-0.654067
0.159908
1.56983
0.956754
-0.11253
-0.610189
0.642645
1.81084
-2.08779
0.535639
-0.0557071
0.565264
0.584389
0.463281
1.20064
-0.340553
1.20703
-1.38903
-0.591328
0.133241
1.35491
0.402602
1.43408
-0.104893
-1.12902
-0.867112
1.31184
-0.365742
3.13388
1.28254
1.30335
1.07881
-0.330514
0.672087
-0.423856
0.0334826
0.838331
1.14832
-0.341321
-1.39774
2.20416
1.39308
0.478581
0.265284
-0.902838
-0.187144
0.177549
2.19801
-0.96659
0.984404
0.535521
-2.78846
-0.168824
-0.364476
0.271723
-0.112682
0.885035
-1.58302
1.2306
0.280911
0.204919
0.143796
-0.613657
0.786196
-0.984634
1.12491
-1.03917
0.0361371
0.934134
0.419705
-0.626456
1.74254
0.587934
0.761729
1.31589
-0.225534
-0.843165
-0.579345
-1.59667
1.23646
0.58607
0.0721448
-0.153628
-0.635208
-0.567909
-1.46465
0.593827
-0.17376
0.567769
-0.361194
1.97873
-0.59788
0.729214
0.620275
-1.48798
-1.42407
-0.70912
0.83032
2.44
1.46354
-1.15433
1.79878
-1.23524
-0.0500506
-0.671399
-1.59011
0.959949
1.1075
-0.514027
0.0188946
-0.522006
-0.438113
-1.29453
-0.6086
-1.57431
0.876405
0.0484439
-0.0832567
-0.968385
2.04509
-0.849423
-0.354594
-0.408986
-0.885609
-2.27741
-1.3446
-0.353093
0.243882
-0.455861
0.632675
-0.605019
-0.62295
1.52557
0.56346
-0.00387455
-0.778675
1.45157
-0.463844
1.102
1.87117
-0.8483
0.283778
-0.0717026
-1.27265
1.18059
1.06851
0.904111
0.0511018
-0.0308033
-0.693131
0.0570169
0.958948
1.07178
-0.268483
0.797727
-0.301706
0.0154236
0.164515
-0.419006
-0.977221
-0.0812191
0.285308
0.20505
-1.46817
-2.03525
-0.253051
-1.41841
-0.733423
0.274141
0.530039
-0.971887
-1.36143
0.171635
0.670781
-0.91193
0.271812
0.570773
0.770244
-0.895408
-0.887693
-0.925811
0.271069
0.125152
0.621081
0.438853
-0.589324
-0.361997
1.28152
0.270322
-1.76037
-1.17112
-1.0295
-0.680372
-0.86007
0.201964
-0.957736
1.586
-0.422788
1.34342
-0.0999216
1.4221
-1.40891
0.394562
-0.537916
-0.7256
-1.84874
0.433415
-0.555191
-1.28235
1.49843
-0.11526
-0.125869
1.61305
0.292327
0.502674
-0.880115
-0.895246
0.628701
1.08674
1.0888
0.781126
0.305773
0.349918
-1.21336
-0.957598
-0.213592
-0.922577
-0.861797
0.0499932
1.55883
0.462386
-2.22352
-1.60115
-0.606657
-0.198136
-1.08821
1.37742
0.120483
0.839534
-0.941614
-0.65314
0.017159
0.2691
0.942376
0.26472
0.824778
-0.351444
0.829246
0.696646
-0.615439
0.384598
-0.138735
-0.408441
0.0345478
1.02853
0.502421
1.47098
-0.0456301
0.800401
-0.0288819
0.0660713
0.881775
0.0891942
1.00046
0.179992
-0.485636
0.908405
0.849435
-0.921821
-1.04934
0.35312
0.275024
-0.529425
0.362742
0.317942
0.336613
0.83626
-1.53512
1.65365
-0.889474
0.752304
0.199431
-0.614667
-2.53957
-0.375271
-2.20211
-0.434127
-0.216541
-0.0501428
0.0643314
-0.833301
0.396144
0.393642
-1.05657
-0.184565
0.334053
-0.631966
-0.466397
-0.304137
-0.382419
0.532492
-1.23506
-0.287205
0.182977
1.5377
-1.68585
2.12577
0.468976
-0.224704
0.00889972
-1.21247
1.52086
-0.571931
0.043718
-0.537874
1.45062
-0.662912
-0.700943
-0.0415278
1.64756
0.456361
-0.807159
0.373755
1.14757
-0.862925
-0.250145
0.631934
-1.25384
0.605569
-1.27738
-0.0691602
-0.596163
1.51139
-0.940423
0.404251
-0.278732
-0.795081
-1.28725
2.03812
-2.08811
-1.15747
-1.63859
0.90774
0.420666
-0.984771
0.764535
0.0865294
0.765076
2.23916
-2.41685
-0.10352
-0.905611
-1.17694
0.724566
-1.4574
-0.296216
1.16439
0.976567
0.589596
-0.471093
1.38571
-0.972874
-1.16463
-0.296463
-1.09888
0.991796
-0.590456
0.552144
0.642225
-1.08176
0.245041
0.847221
0.429526
-1.18883
-1.01629
0.0724442
0.186924
1.45934
-0.740239
1.49727
0.557905
-0.753223
0.68614
-0.287583
-0.303206
0.275547
0.875155
-1.71549
-1.47024
-1.08803
-0.138582
-1.04208
-0.746842
-0.0108933
0.0508598
0.743738
-0.0115508
1.28252
0.831192
-0.856282
1.42858
-0.6649
-0.358859
0.28261
-0.0335312
1.70392
0.0819743
0.861239
-0.856947
-2.10766
0.810914
-0.0485939
-0.246932
2.02518
-0.339025
-0.014553
-0.539609
-0.249585
1.21544
-1.04118
1.87376
0.0958625
-0.0770517
0.188093
1.82388
-0.125905
-0.686526
-1.02211
0.886215
0.798266
1.53318
0.709517
-1.12321
0.327678
-0.0380218
0.0911473
1.44784
0.606455
-0.597937
1.34165
-0.82957
0.104483
2.31025
-0.827668
-1.01006
-0.590474
0.461185
-0.766398
-0.805284
-0.895161
0.556944
-1.51059
0.64247
-0.613007
1.10331
0.0770893
1.33437
1.33125
1.2937
-0.721339
1.63752
1.26404
-0.690667
0.161237
0.143802
-0.898991
1.21988
0.0805879
-1.16061
0.0791161
-0.63998
0.763337
0.776297
1.0839
0.0571599
-0.534556
1.39013
0.640067
-1.32466
-0.746142
-0.656934
0.534525
1.44521
-0.770321
-0.32
-2.16556
0.505003
-0.0252566
-1.88185
0.320758
0.0920855
-0.646204
-0.764035
-1.29757
-1.59219
-1.2846
-1.50673
-0.798948
-1.93422
0.0684856
-0.243644
-0.903939
0.559109
1.27293
0.152277
-1.04687
-0.384596
0.670991
-0.641289
2.08754
-0.306496
-0.559079
0.318586
1.24375
1.86221
-0.246839
-0.690806
-1.63938
0.390155
0.910908
0.356707
1.31557
-0.834833
1.07222
0.85705
-0.766592
-0.462654
0.367566
-1.41343
-0.104372
0.466453
-0.411744
-0.170207
0.678753
-0.346339
0.0277991
-0.566567
0.969748
-0.347811
-1.02835
0.246366
-0.512402
-0.197945
-1.21876
-0.785356
-1.3074
-0.66751
0.522052
0.239201
0.8859
-0.127536
2.02196
-0.807747
-1.27401
1.69286
-1.38379
-1.46385
-1.39125
-0.741159
1.65258
1.55232
0.27628
0.786156
0.390732
-1.33275
-0.223597
-1.4957
-1.51685
-0.449401
0.961994
1.71853
0.368485
0.0242994
-0.413126
-0.0598652
-1.22911
-0.226021
0.353785
2.88127
-0.54866
-1.08255
-0.0911806
-0.230938
-0.266009
-2.23971
0.198039
0.177968
-0.733417
0.352491
2.41363
-0.454011
1.32341
-1.83209
0.752025
0.604099
1.11401
0.709903
0.48077
-0.0427041
1.47111
-0.724864
-1.13618
0.0476153
-0.48855
-1.07789
-2.03953
1.53984
0.0972558
0.326188
0.662757
1.34257
0.558566
1.09232
-0.439324
0.0237461
0.507759
-0.0744848
-0.810173
-0.0746195
0.780156
-0.125335
-0.193426
0.452731
1.02813
-0.0794814
0.292326
0.386542
-0.974699
0.043944
1.12095
-0.503396
-0.297085
-0.713498
-0.608436
-1.13868
-2.13338
-0.213581
1.50987
0.498936
0.124222
-0.515743
-0.819469
0.217387
1.05317
-1.72864
0.321179
1.12862
-0.379012
-1.62889
-0.322487
0.195325
-1.84467
-1.89692
1.4387
-0.869551
-0.39956
0.340869
-1.59884
0.627749
-0.254846
-0.574336
-2.08177
0.438428
-1.24087
-0.617697
-0.190731
0.485921
-1.50646
0.78211
-0.108923
0.556219
0.488299
-0.737919
0.906647
-0.996073
1.70599
-0.282007
-0.115996
0.739028
-1.64542
0.0130345
-2.18219
-0.658838
-0.26384
-0.868188
-0.161154
-0.304149
-0.686907
1.74831
-1.41928
0.311785
-0.0686183
-0.868472
-0.707292
0.0525817
-0.333315
0.0872553
-0.0878133
-0.761195
0.779525
-3.16456
1.57045
-1.36124
0.59487
-0.417569
0.656555
-0.893095
1.56456
0.820265
1.41717
0.957679
-2.05398
-0.729115
-1.20348
-1.69494
-1.15993
0.139563
1.51853
-0.723775
-0.66665
-0.0368595
1.11308
0.896413
-0.250195
0.353541
0.582914
-1.04826
0.0617383
0.276923
-0.201539
-0.543785
-1.51129
0.458154
0.450741
-0.027719
-0.277119
-0.460801
0.597669
1.53565
0.460352
-0.700954
-0.606836
-2.59292
-0.938365
-1.03663
1.3707
0.61906
0.976069
-1.2646
-0.0950837
1.21806
0.564635
-0.00660032
0.321384
-0.996095
0.566761
0.411954
-0.889857
0.388243
1.18309
1.18293
0.357562
-0.208417
0.155928
0.592725
0.660013
-1.22008
1.53677
0.256032
-0.707415
0.97503
-0.645953
-0.120009
-0.0482067
-1.7737
-1.03373
-0.526238
0.737414
-0.276592
1.15492
-0.260498
-0.979708
1.01438
-0.289245
0.435801
0.374161
0.0257882
0.777695
0.109963
-1.02548
-1.40961
-1.1861
-1.28944
-0.511067
0.247377
-0.423112
-0.0145783
1.27668
-1.56682
0.0553522
0.833287
-0.172712
-0.792887
0.0373828
-0.0480033
-0.312649
0.27951
-0.620759
-0.0579972
0.526522
0.463578
-0.914401
1.89118
-0.315203
-1.1126
-0.0632786
-0.249311
0.751414
-0.908927
0.467601
-0.686171
-2.12792
-0.128637
1.05403
0.172625
0.489829
-0.0491584
-1.07675
0.345507
-1.5186
-1.1693
0.738291
-0.0541365
-0.862706
-0.0669839
1.19994
-0.403493
0.0204183
0.929642
1.44103
-0.219331
-1.31128
1.27515
0.350769
1.8066
-1.08046
0.178959
-0.980129
-0.511608
-0.617421
0.873265
2.39729
1.49483
-0.508951
0.143511
0.483782
0.0775136
-0.319036
0.128987
0.70729
-0.921224
1.01884
0.144674
1.09629
1.19729
0.0292232
0.818203
0.171861
-1.01902
1.16167
0.498613
1.13852
-2.22382
0.884373
1.3331
0.607528
-0.0278076
0.671764
1.28416
-1.43543
-0.0763714
-0.385869
-1.10913
-0.535968
0.497149
-0.925268
-2.1171
1.80456
-0.701797
-0.297454
0.227066
-0.0423736
0.602719
0.684336
-1.41274
0.845563
-0.0740566
0.945095
-0.16679
1.22027
-0.586439
0.244185
-0.135404
0.813126
-0.802746
-0.157404
-1.4772
-1.0694
-0.962483
-1.75049
-0.0116631
-0.269983
0.0124218
0.595173
0.0414922
-0.00617146
0.0525849
0.000186204
1.12606
-0.606808
1.97749
1.68154
-0.32902
2.07119
-0.603344
-0.158274
0.200034
-1.24061
0.4547
1.23451
0.0498483
0.844532
1.14303
-2.16018
-0.218267
-0.750031
1.18202
-1.53519
0.987786
-0.00885709
-0.245422
1.80663
0.616519
0.365546
-1.88232
0.126691
-2.1791
-0.0136021
-0.313773
0.618589
1.22026
-1.06326
-1.09724
1.08318
-1.43483
-1.4045
0.199341
-0.0532025
-0.150168
0.613301
-0.053124
1.22767
-0.870351
-1.47235
1.83933
-0.141977
0.238247
0.310982
-0.411101
0.756044
-0.488513
-1.85124
-0.216793
0.487799
-0.849918
-1.19517
-0.266986
0.923753
1.59962
-0.0162932
1.34267
-0.69261
-0.375018
-0.148327
-1.06217
-1.49151
0.902722
-0.304384
0.0605468
-1.96245
1.17816
1.16003
0.782133
-0.0646384
-1.48098
-0.502207
0.813962
1.17469
-0.568575
0.452473
0.0639875
1.59368
1.77914
-0.210728
0.560775
0.712523
-0.107095
1.05542
-0.511519
-0.575973
0.604127
0.297434
-0.171708
-1.92353
0.247585
-0.584816
1.87734
1.2179
-0.0294999
1.24224
-0.00286945
-0.406405
-1.63244
-1.06645
0.618605
-1.16905
-0.14438
1.26066
-0.883064
0.502227
0.759826
1.36474
0.224195
1.62841
0.916754
1.02976
0.767226
-0.118824
1.3252
-1.73344
0.0405979
0.463893
-0.17131
0.0250383
0.277336
-0.0295078
-0.303784
0.156219
-1.03843
1.96702
1.47614
0.397311
0.168468
-1.53846
0.611888
-0.778032
-0.156318
0.907877
-0.347171
-1.1597
0.516914
0.156061
0.931771
-0.775755
-1.53559
-0.222549
-0.0718345
-0.696108
0.880325
0.379022
0.883008
0.11872
-1.25101
-1.93848
-0.154066
1.49702
-0.175786
1.94643
0.250992
0.27694
0.0414072
0.238621
0.503482
-0.706065
-1.72967
-0.49534
-1.1402
-0.0803251
0.00450046
-1.79099
1.92893
-1.34151
-0.150719
-1.63698
1.00468
-0.820219
-0.837876
-1.49411
1.71683
0.0772808
0.559974
0.837738
0.75081
-0.858631
0.393624
0.0911653
0.124916
-2.18654
-1.24887
0.322289
0.380863
-0.270883
-1.5597
-0.303737
-0.0394401
-0.888717
-0.0848655
-1.33302
-0.507135
0.210996
-2.04148
0.376576
0.32214
1.48954
0.695273
-0.239985
1.48355
1.19739
1.23171
-1.38136
0.559685
-0.458714
0.2299
0.0666358
-1.2416
-1.0708
1.04621
-0.395911
-0.978349
0.195265
-0.584229
-1.22995
0.0484059
-0.870128
0.273001
1.43163
0.283508
-0.787421
-0.604328
0.0492851
1.83319
-0.942404
1.01524
-0.00288498
1.20123
-0.512142
-1.85836
0.0341483
-1.0987
0.665312
0.981448
-0.330945
-0.105489
0.572271
-0.123711
-3.06115
0.414591
-1.78835
1.05536
-0.291155
-1.67213
-0.914028
1.24129
-0.453711
-1.85296
-0.732666
0.529608
1.39315
-0.368405
-1.21966
0.064933
0.0873696
-0.478007
1.79381
0.202896
2.39482
0.296243
-1.03682
0.631972
0.434809
0.246799
-1.34725
0.0179888
-1.44148
-0.506957
0.673373
-0.901931
0.789636
1.62516
-2.01266
-1.29939
-0.112937
-0.640032
-0.47291
0.271463
0.339578
-0.808935
1.16709
-1.63776
-0.156636
-0.954155
-2.19547
0.398698
0.2879
-1.21332
-0.272403
0.160619
-1.27104
1.13401
0.120532
-0.625404
-0.733233
0.469207
-1.45926
1.55191
-1.61363
0.727773
-0.763532
-0.786922
1.35402
-0.697866
0.991986
-1.26155
1.62556
0.429072
-0.554533
-0.913832
-0.10319
-0.220513
1.56049
-0.68938
0.00589251
0.0972142
0.759071
0.965197
-0.638774
1.40072
-0.701486
-0.703067
-0.707256
1.48457
-0.673346
-1.07708
1.65335
-1.25968
1.33217
0.0667196
-0.539756
-1.4802
-0.947371
-0.686421
-0.354804
-0.340569
0.931214
0.867783
-0.155092
0.420691
-0.0388793
1.87629
-0.937022
-0.683368
-0.030064
-0.334315
1.50871
0.538007
-1.65836
1.02991
-1.75213
0.771634
-1.05706
-0.783322
-0.286416
-0.0300109
-1.2169
0.473584
0.750994
-1.67183
-1.05171
1.07596
0.438371
-0.817279
0.0141668
-0.374357
-0.884822
0.708034
0.619538
0.437855
1.29365
1.60895
-0.639194
1.15403
0.0654359
-1.35985
-0.0142931
1.63126
0.220047
0.887357
-0.562528
0.260341
0.0363779
-0.409858
0.680788
0.281493
0.759024
0.252057
-0.167942
0.506426
1.03866
1.19274
-0.968057
-1.22511
0.71987
-0.905541
-1.13844
-1.07494
0.404173
-1.24014
-0.424315
2.36273
0.733023
-0.0319162
0.26599
0.367774
0.587679
-0.733188
0.151008
0.212189
-1.01999
1.64918
-0.28287
-0.6172
-0.423645
0.212293
-0.443752
1.10044
0.29738
-1.07656
-0.616316
1.21214
0.826077
-0.981818
-0.542308
-0.931897
-0.702545
-0.690829
-0.157154
-0.540138
1.01068
0.26311
0.938266
-0.0820497
0.960823
-0.183351
-1.57173
2.06913
-1.94905
-0.398681
1.92119
1.40723
1.67987
-1.08724
1.36989
0.404605
-0.63297
1.03622
-0.194362
-1.09888
0.537157
0.198656
-0.47875
-1.46054
-0.726379
-0.969791
0.648068
-0.56097
-1.17253
0.599424
1.52166
-1.26185
-0.902464
-0.762336
-0.148025
0.709982
-0.559119
-0.0823762
-0.243359
1.10751
1.04086
-1.64975
0.586486
0.0541883
0.151335
-0.495728
0.773914
-0.219923
-1.06478
-1.43779
0.455185
-2.1855
-0.717739
2.93015
0.20563
0.179749
-0.584413
-0.1011
0.358583
-1.85811
-0.497592
0.757764
0.46666
1.54661
0.766744
0.938578
-0.406962
-0.292609
-0.17816
-1.42357
0.124788
-0.934091
-0.271493
-1.68227
0.0749946
-0.0639168
1.18137
1.59931
-0.303179
-0.770079
-2.56074
0.713742
-0.150638
-0.195025
1.01216
-0.123497
0.258691
0.752943
-0.450437
0.673912
-1.21892
1.44073
1.45271
-0.0433965
1.49084
1.84008
-0.763435
1.66725
-1.73015
0.332597
-0.520493
-0.276649
0.64867
1.00711
0.10433
0.999675
0.729135
0.522855
-0.448342
0.220478
0.462117
0.517481
-1.02432
-0.239186
-0.628843
-2.92771
-0.383495
-1.29378
0.277201
-1.32752
-0.499495
-0.0211425
-1.0681
-1.15224
-0.483838
-0.398098
0.423138
1.62754
-1.33569
-0.311363
0.191434
-1.29709
-1.55131
-0.900363
-1.29626
1.38583
-1.57269
-0.65264
-0.38623
0.527403
-1.05346
-1.11384
-0.487975
-0.809944
-1.13247
0.220093
-0.181451
-1.89302
-1.36234
-0.142639
0.279539
0.432541
-0.943673
0.494778
0.156378
-1.242
-0.589127
-0.363958
-0.791767
0.468818
-0.447034
-1.18204
1.37583
-0.349759
0.15917
-1.17658
-0.194283
-1.45112
0.0231741
-0.463393
0.0110947
-0.246616
0.566752
2.21763
0.50695
1.78044
0.920314
-1.49185
1.38751
-0.187388
1.69432
-0.107759
-0.298812
-1.50756
-0.276991
0.651326
1.10254
-0.0920103
1.21592
0.365331
-1.43969
-0.694129
0.466499
1.01134
-0.494305
-2.16893
-1.21271
-0.29885
-1.70926
0.371461
0.333747
1.06766
-1.45167
-1.18982
1.21685
0.684151
0.884018
-0.365548
1.65765
-1.47376
0.241923
0.189012
0.949586
-0.633974
0.0648564
1.41034
-1.91187
0.424231
-1.53918
0.150084
-1.95842
-0.48229
0.107431
-2.36698
0.330282
-0.116899
-0.854278
0.251231
0.446218
0.116352
-0.394655
0.411654
0.320271
0.778666
-1.51006
-0.566775
1.15132
1.32624
0.981905
1.8142
0.0703376
-0.0957191
0.773905
0.329504
-0.0603676
-0.00370818
0.463784
-0.2358
-1.91671
0.900834
-0.624535
0.741483
0.269487
1.50283
0.310603
0.413152
0.25493
-0.385145
0.423172
0.615333
-1.58148
1.06051
1.42916
0.784561
-0.690908
-1.27338
0.733675
0.682177
1.69464
0.97499
-1.77105
-1.2922
-0.648487
-0.184124
1.0528
-0.350403
1.06955
-0.71274
-0.790726
-0.908483
0.397598
0.99914
0.980134
1.40795
-0.346455
-0.90494
-0.755996
-0.564433
0.164329
-0.461029
-1.23596
0.193999
2.1495
0.807652
0.00881747
-0.780566
0.348847
0.621485
0.796188
-1.02388
-0.247436
0.454598
-1.03612
-0.77025
0.333321
0.685268
-2.41916
1.86167
1.02755
1.88575
-0.681441
0.99215
-0.543914
0.232847
1.38432
0.254317
0.56267
-1.04055
-0.833907
0.652865
-0.180741
-0.930039
-1.75858
0.616854
3.37893
0.133517
0.00420323
0.544489
-1.20058
-1.18663
1.31554
1.73168
-1.60525
-0.370718
0.704012
0.365079
0.105913
1.0817
-0.318517
0.643702
1.41588
-0.274924
-1.21991
0.00030302
-0.0935327
-1.52507
0.534318
0.0247034
2.17074
0.394906
1.64259
0.829218
-0.158961
-0.74566
0.475022
-1.86228
0.238119
-0.096276
-0.265102
-0.079223
0.110306
1.08943
0.964828
-0.642161
-0.0429129
-0.756869
-0.00984125
1.35642
0.258709
0.234213
-0.251506
0.0392271
0.905385
1.87757
1.6003
-0.496732
0.633745
-0.746224
0.809176
0.951906
-0.0733263
-0.872788
0.145928
0.28255
-1.81877
0.243626
-1.27159
-1.14149
-0.75564
0.580083
1.12734
-0.282011
-0.077413
1.1013
1.4929
0.010626
1.40839
-0.493951
0.389069
0.666458
0.0202981
-0.769584
1.74489
-1.47752
-0.312212
1.42926
-1.02956
1.39336
0.532653
-0.618923
0.838022
-2.17225
0.148741
-1.48533
1.04892
1.61799
-2.35095
0.457233
0.530496
0.495897
0.0784111
0.645796
-1.45955
-0.384046
0.641577
-0.744529
0.8406
-0.566069
0.215468
-0.193463
-3.07797
0.873852
1.72714
0.613781
1.23788
0.0280056
-0.555103
0.773558
2.3278
-1.11087
-0.779036
-0.455557
-0.00290288
1.62252
2.96351
0.0982778
0.0364863
-1.96216
0.143263
0.213612
-0.243367
0.156305
0.591277
-0.696057
-1.64181
-0.0989616
-0.779408
-1.32252
0.670967
0.610945
-1.10902
0.101351
2.07464
-0.262826
0.452878
-0.484864
-1.57327
-0.746533
-1.80716
0.178501
-0.465017
0.77558
0.0963148
1.93471
0.992637
-1.18334
-0.547263
-0.0291891
0.21649
-0.940922
-0.75627
-0.495243
0.116814
-1.64704
-2.81468
0.366131
0.790863
0.684766
-1.37313
-1.04948
-1.3088
0.90415
-2.23224
0.144022
-0.90272
0.0373775
-0.7451
-0.0393204
0.8444
-0.895869
-1.80241
-0.519475
0.834949
-1.99343
0.253715
-0.174017
2.13402
-0.227489
0.863014
1.10432
0.658022
-2.35718
0.0544271
-0.951189
-0.370287
-0.627298
-0.54601
-0.261292
0.501665
-0.254429
0.818993
0.358083
1.19124
-1.13287
0.455206
-0.450536
-1.15594
1.44848
-0.416867
-0.592609
0.675069
0.159455
1.21706
-0.646894
0.78365
0.12094
-0.151835
-0.255715
0.00126862
-1.1153
1.40548
0.700464
-0.82588
1.82362
-0.683222
-0.147428
0.240083
-0.606216
0.102637
-0.322436
-0.976479
2.01236
0.335437
0.779978
1.16741
-0.636963
-0.165579
-0.227628
-1.2424
0.473249
0.421383
-1.36259
0.217896
1.58929
-1.29896
0.327614
-0.072895
1.46812
-1.86737
-0.543795
-0.192473
0.423344
0.298901
0.666593
2.17365
-0.175065
-1.02654
-0.184284
0.172651
-1.65123
2.6654
0.567943
0.768648
-1.05365
-0.390503
0.0578743
-1.64456
-1.96287
0.858783
0.355817
-1.33552
-0.0898241
-0.375065
0.746301
-0.462035
-0.549226
-0.111955
0.855928
-0.607205
-0.506319
-0.110242
-0.625497
-0.0136131
0.50215
0.732043
-0.794232
-0.77093
-0.480112
0.389257
0.617152
-1.60919
-1.09794
-0.247923
-0.583679
0.438213
0.782518
-0.958391
0.572954
-2.59535
1.07291
0.120816
0.143566
0.922272
-1.19558
-0.307291
-0.524713
0.406231
-0.028612
-0.231608
-0.824012
-0.644706
-1.00838
-1.13072
0.399072
1.19954
0.870702
0.561609
-1.23778
1.25634
1.25252
1.18648
1.50175
1.20961
0.019716
-1.71687
-0.210387
-1.08631
-1.04474
0.461007
-0.916977
-0.230285
1.34208
-1.29945
-1.31186
0.810695
-0.722973
0.757212
-2.06653
-0.206847
-0.215075
0.959984
1.70437
0.249514
0.0578729
1.19355
0.293583
-0.555411
-1.43498
-1.32669
2.18174
0.116389
-0.0591526
0.446456
-0.748141
-0.36048
1.59157
-0.578214
-1.08878
-0.037059
0.304645
-0.806982
1.14536
0.611427
0.986566
-1.44801
2.14122
0.388677
1.89055
-0.710227
0.706948
-0.0458972
1.18254
-1.59923
-1.3248
-1.35297
-0.210521
1.34687
-0.331586
0.316247
1.37176
-0.249597
1.64487
1.16789
0.0402336
-0.558513
1.25899
0.990346
0.0501981
-1.25788
-0.363836
1.19044
0.365142
0.21063
-0.092029
-0.583448
-0.772807
-0.0383586
0.495587
0.785025
-1.0853
0.0411383
1.51206
-0.112242
-0.106266
-0.553437
0.21471
-0.27206
0.848102
0.66702
-0.680091
0.144612
-0.877644
-1.07789
-0.646722
0.776006
-0.329439
0.9645
-0.293196
0.2336
0.280885
0.76672
1.08146
0.260203
-0.42013
0.499297
-0.394921
-1.10725
-0.494341
-0.733787
0.0979767
-0.38209
0.164677
1.21877
-0.766172
1.38154
0.853158
-1.47609
-1.00156
0.441078
-0.852238
1.04036
0.506742
-0.21881
1.81006
-1.86733
-0.399595
0.988701
0.539174
1.71053
-0.459565
-1.15783
-0.883895
2.49222
-0.797505
-0.289039
-2.76366
-0.224468
-0.506002
-0.0356306
0.907833
-0.32354
-0.117289
0.131754
-0.864719
0.676286
-0.264412
1.1599
1.31746
0.281616
-0.334232
0.0154131
-0.396394
0.447183
0.622316
1.01388
1.10442
-0.397089
-1.51964
-1.77047
-1.86647
-1.03267
-0.583101
-0.808718
-1.66151
-0.112873
1.07783
0.451558
1.48123
1.23024
-0.398739
-0.2238
-0.980997
-1.0583
-0.537408
-0.299991
-1.13917
-0.136806
0.489207
-0.91033
0.301769
1.10029
0.341764
-1.44279
0.814585
0.125187
-1.05311
1.76471
0.612865
1.74756
-0.763359
0.80523
-0.147767
-0.806074
0.626009
1.17469
0.861355
0.40938
-0.0669855
0.712732
1.742
0.776486
-1.33832
-0.914853
0.698956
-1.50507
0.0118898
-0.213165
2.205
0.0287559
-0.184674
0.501847
-1.62464
0.198727
-0.354919
-1.47736
-0.883131
0.671421
0.189324
0.170418
0.866589
0.582235
-0.997181
0.430882
0.202669
-0.116838
-1.01356
-1.32682
-1.24635
-1.13577
1.79263
0.835524
0.406535
0.90039
-0.145874
-1.26422
0.538621
-0.996393
0.705425
0.0541035
-1.90257
-0.516606
-1.29021
0.241531
-0.930513
1.02635
-0.958522
0.145912
0.962207
-0.979711
0.324867
-0.595037
-0.535316
-0.644242
0.0729564
0.106174
0.282206
1.43892
0.19412
0.2829
-0.0281471
0.755228
0.372491
-0.898904
-0.152915
-0.99097
-0.473583
-0.040967
1.7001
0.379501
1.21411
1.14576
0.0186419
-0.410235
0.857284
-2.35736
0.0667152
1.01662
-0.258523
-0.629802
-0.584406
-1.81022
0.931144
1.4397
-0.0707134
-0.318222
0.360614
-0.0106128
-0.236811
0.591464
-0.156793
0.501224
-0.981359
-0.0754608
-0.594079
-0.523281
0.59776
0.0340356
0.147671
-0.053914
1.51137
1.88989
-1.8553
-1.02525
1.81786
0.317059
-0.502395
-0.0222197
2.29667
0.848849
-1.46694
0.204659
-0.193443
-1.9533
0.990119
-1.76432
0.765103
-1.01831
-1.50008
-0.540842
-0.263304
-2.05069
-0.547057
-0.173299
-1.14938
-0.590439
0.548431
2.11632
-0.894029
1.59053
0.115858
-0.433236
-0.319729
-0.0290754
-0.242087
-1.99355
0.136091
-0.391812
0.9355
0.380794
-0.349089
-0.232163
-0.670027
0.282551
-1.9042
0.459863
-0.453953
1.2816
-0.543354
0.0265249
0.752276
-0.676982
0.0635449
2.15883
0.160552
-0.543051
-1.04171
-1.44697
-0.132019
2.19714
-1.0861
0.571307
0.477159
0.49596
0.656626
-1.24235
-2.1826
-0.27924
0.248006
-1.06185
-1.05988
0.787912
0.114836
0.679961
-0.0769813
-0.476651
-1.59609
-1.02845
-2.13881
1.06579
-1.21702
1.118
-1.72445
0.378717
0.23352
1.759
0.0537446
-0.025971
0.0859527
-0.587701
-1.10867
-0.217874
-0.722791
-0.487388
-0.760654
0.113355
-1.68661
0.186865
0.531274
-0.929087
-1.06954
0.261939
-0.999217
-0.0602746
-0.519216
0.830827
-0.612185
-0.767052
-0.35262
1.16593
0.642337
-1.3504
1.20434
1.68094
0.177177
-0.30146
1.35439
0.00204114
-1.07352
0.604728
0.538526
1.25153
-0.220393
-0.453388
-1.43298
1.13998
1.34164
-1.12257
0.230288
0.11675
0.287977
0.434174
1.64465
-0.494946
1.15013
0.662298
0.872127
-0.132001
-0.461526
1.29076
-0.209961
0.50088
0.990574
0.561911
-0.6578
-0.179929
-1.24638
-0.661027
-0.720749
-0.849571
1.41564
-0.959252
0.633774
-0.429951
0.595731
-0.0200108
-0.176759
0.806618
-0.858156
-1.21645
-0.175457
0.746462
0.614941
0.000668247
-0.597889
0.00948234
1.45837
0.636218
0.903038
-1.06613
1.14382
-1.10597
0.0834329
-0.197935
-1.08716
0.099354
-0.0228635
-0.43681
-1.05771
-1.13149
-0.221374
-0.663077
0.257739
0.590166
1.4344
-0.692778
0.21797
0.17822
-0.165209
-0.368763
0.901942
0.817355
-0.231797
-0.905112
0.0531661
-0.355752
0.509404
1.00677
-0.310726
0.0167079
-0.385755
1.93484
0.444762
1.59729
-0.929256
0.0630546
-0.040413
-0.839897
-0.607367
0.402162
-0.307151
1.2083
0.736988
2.45088
-0.448296
-1.2112
0.097575
0.551404
0.540989
0.97422
0.267409
-0.51615
-0.767121
0.350064
-1.9455
-0.593762
-0.388667
-0.18579
-0.773891
-0.328559
0.0738116
0.498943
0.260652
-0.722464
-0.655053
0.589486
-0.311374
-0.494665
-2.29545
-0.411756
-0.429503
-0.206901
-1.10882
-0.567101
2.82342
0.672628
0.826017
0.431394
-0.813124
-0.260803
1.42901
-2.178
0.0448073
1.16309
0.0149551
0.289067
0.743119
-1.07714
-0.602982
-0.267236
0.460094
0.08667
-2.24536
1.9924
-0.869342
-2.04011
-0.129825
-0.550129
-0.903305
0.125212
-0.540105
0.319645
-0.835973
0.629482
0.96301
-1.00377
-0.284418
-0.867297
-0.514026
-0.0656796
-2.03124
0.170857
0.239232
0.35303
0.0982971
-0.194483
0.296637
0.00534582
-0.561899
-0.824013
-1.82881
0.201075
-1.51938
1.61089
2.01254
-0.280272
0.597254
-1.18209
-0.525809
-0.900376
0.682254
-0.105615
0.0342223
0.385898
0.994284
-1.06522
1.18745
-0.299681
-0.635808
-0.637461
-0.374961
0.911192
0.725976
0.528647
0.198126
0.413851
0.54578
0.548423
-0.493896
0.419816
1.41204
-1.18785
1.16419
-0.0910007
-0.265219
0.815827
-0.4805
0.640027
0.720064
0.791463
0.846826
-0.233314
0.950072
-0.220118
1.7627
-2.03557
0.485425
0.792485
1.53752
-0.296958
1.4721
-0.546785
2.28419
2.01763
-0.270106
-0.741811
2.08442
-0.571773
0.15203
0.913493
1.54758
-0.894782
0.43232
0.0071554
-0.47728
2.02582
-0.119429
-0.886616
0.685174
0.705299
0.858468
-0.0393592
-1.18234
-0.312483
0.37818
-0.628794
-0.727737
0.687237
0.188137
0.483202
-0.572793
-0.249863
-0.63346
0.598493
-0.171792
0.805615
-1.78628
0.405249
-0.407612
0.168408
-2.14471
-0.80749
0.869975
-0.802382
-0.39891
1.27036
1.03937
-0.985961
1.84736
0.197524
-0.703024
-0.325391
-0.694603
0.209444
0.589482
0.270504
1.26038
0.178342
0.119749
0.198751
0.759743
-0.167857
0.041202
-1.45733
-0.655198
2.17647
1.53636
-0.3649
0.340658
-2.1846
0.0529404
-0.910471
2.07696
-0.274494
0.7229
-0.171934
0.0356997
-0.28882
-1.20018
1.31042
1.54402
0.249591
-0.201942
0.363826
1.21885
0.246955
-2.79249
1.26441
-1.1944
-0.108533
0.444611
-0.184472
-0.516836
-0.159755
0.141897
0.0355842
-0.320081
-1.9859
-0.357736
1.90011
1.10693
-1.77624
-1.57148
0.553728
0.605781
0.213586
0.818089
-0.94506
0.353587
0.226763
-0.478563
-0.628306
0.680071
-1.52897
-0.008434
-0.53687
-0.485492
-0.222907
-1.68335
-0.314839
0.00136407
0.74246
0.560794
0.533309
1.47935
-0.210463
-0.32699
-0.190358
0.733157
-0.033906
1.15561
-3.00417
-1.94706
0.455956
0.4264
-0.310065
2.04607
0.00762503
-1.05807
0.782232
-1.71477
0.118762
-0.200396
0.361783
0.138962
-0.908858
-0.258289
-0.975663
1.98024
-1.01611
-0.807436
0.576198
-0.859104
-0.217878
1.12099
-0.347042
-1.19094
1.08328
0.146029
-0.933074
2.0144
-1.0943
-0.252055
0.527001
1.04951
0.451996
-0.94671
-1.28511
0.8079
1.89677
-0.888356
-0.0814571
-1.41356
-1.39309
0.181567
-1.37612
0.663529
-0.231959
0.872512
1.07386
-0.636113
2.2821
0.950039
0.445878
-0.0660448
-0.291778
0.904088
1.19544
-0.664652
0.601864
-0.720083
0.111448
-0.495549
1.56695
-1.31715
-0.522725
-0.831202
2.04201
-1.89356
0.146278
-1.07559
-0.307386
2.23885
2.06373
0.62787
1.16117
-1.84055
-0.615641
-0.583117
-1.02998
0.108584
-0.705823
-0.0645844
0.385815
0.836936
-1.07634
1.37815
0.427323
1.49396
-0.371747
-0.0605838
0.114968
-0.183165
1.14438
-0.195213
-0.468753
-0.298377
-0.361618
-0.298067
0.00101772
-1.27823
-0.0882741
0.13375
-0.0417786
-0.566236
-0.493908
1.21759
-1.42235
1.40088
-0.360783
0.508598
0.930972
-0.204317
-0.527467
-1.07703
0.417591
0.579631
0.396264
-0.187538
0.0859965
1.43992
-0.338505
-0.4036
2.31285
-0.583905
1.04531
0.325655
-0.274809
0.596704
-0.995794
-0.0609827
-0.0136329
0.592837
0.57635
1.25852
0.381998
-1.39998
-0.393397
-0.603984
0.947155
-1.58947
-1.12382
1.03867
-1.11326
0.127986
0.391701
-1.38405
-0.583639
0.869643
-0.774852
-2.30511
-0.0705725
1.73252
0.585526
-1.43026
1.39313
0.949182
0.956574
-2.12957
0.0677853
-0.263057
-0.659869
-0.315513
0.578147
0.995785
0.184173
-0.367566
-0.706287
-0.304192
-0.391958
1.15942
-1.44389
-0.503352
1.24201
1.59787
-1.42642
-1.04359
-0.767616
0.505731
-1.98415
0.37485
-0.589497
-0.0479449
0.978
-0.0807611
0.976529
-0.599014
1.00507
0.230231
0.307099
0.946943
1.12075
-0.994198
-0.364338
1.97937
-0.555937
-0.0472915
-0.0849555
1.56697
-0.340577
-1.44329
1.45667
-0.401612
-0.0497976
-0.844262
0.467387
1.14132
-0.0251589
1.22087
1.23007
1.8936
1.4845
0.0995523
-0.78873
-1.6734
-0.181061
-0.226505
-0.233187
0.644905
-0.0337496
1.0213
0.348678
-0.50466
0.24034
0.250055
-1.0138
1.55095
-0.167724
-0.43963
-0.485287
-0.415974
-0.10796
-2.57867
0.607146
1.701
0.209177
1.16251
-2.04009
-2.48241
-0.351821
0.736225
-0.572635
1.29672
0.974552
0.774669
-1.64443
0.750146
-0.176125
-0.0174928
1.03776
0.111334
1.13255
-0.426731
-0.643244
-1.50939
-0.540554
0.587761
0.668182
-0.461949
-0.384426
0.0381766
0.611938
0.437908
-0.0283808
0.774119
-0.606497
1.78496
0.226665
-1.81955
1.98319
0.851862
0.0106691
0.389807
-0.21019
-0.157954
-1.25127
-0.639522
1.39543
2.38933
-0.781759
-0.0488987
0.109509
-0.48503
-0.160566
0.221104
0.299894
-0.0267108
-0.122573
-0.372973
-0.380402
-0.915007
-0.458038
-0.937963
-0.825394
-0.166213
-0.427866
-1.05936
-0.318144
-1.01104
1.50526
0.225899
-0.042706
-0.779258
1.19462
-0.398052
0.846225
1.41625
0.279211
0.653921
-1.00883
-0.244729
-0.0151125
0.507385
0.459748
-0.279133
-1.1764
0.122758
-1.51363
1.04322
0.215262
-1.51179
-1.23765
0.473481
0.299938
-1.17914
1.03571
-0.504617
-0.0844033
-0.736211
-1.35568
1.16873
-0.129036
0.848531
-0.785599
-0.266602
-0.487741
-0.315316
-0.403602
0.109645
-0.179249
0.104076
0.320263
-1.54297
0.0922746
-0.521774
0.327965
-0.110233
0.321192
0.557035
0.419989
-0.928704
1.32938
0.102841
0.237324
-0.252187
0.533777
-1.19555
0.560351
0.294466
0.791433
-1.53153
2.25559
-0.530254
-1.23248
0.930522
-0.906607
-0.125849
-0.879802
0.853837
-1.56606
0.334136
2.84679
0.368555
-0.0688858
1.61226
-1.43212
-1.63221
-0.435195
-0.0766209
-1.86414
-1.43074
0.289956
0.370289
0.191519
-0.686691
-0.0561375
-0.632302
0.164346
-1.20662
0.0279075
1.0471
1.593
0.937591
-0.571876
0.111663
-0.169848
-0.43872
0.512205
-1.73544
-0.0606105
-0.64632
1.15745
-0.499442
0.737765
0.22357
-0.333128
0.867013
-0.345042
1.21515
1.03105
2.30657
-0.395201
1.2074
0.00198009
-0.227962
-0.424443
-0.434435
-0.747798
-1.08043
-0.247962
0.762978
0.499948
0.123848
0.232617
-1.35312
-0.14807
0.875544
0.696688
-0.0747929
1.48326
-0.647008
-0.135178
0.0284525
-1.13952
-0.662316
-0.131441
0.344946
0.360124
-0.930933
0.711389
-0.412492
0.40805
-1.54396
0.810391
-0.00821267
0.286381
-0.417484
0.881361
1.27652
0.048301
1.08619
0.907044
-1.03408
0.583141
0.548698
-1.37678
-0.72442
0.981208
0.681779
-0.379165
-0.0889147
-1.32155
-1.7769
0.155315
-0.721144
0.261189
-1.46162
-0.503094
-0.0433553
-1.64413
-0.123639
0.0333233
0.821835
-1.97709
0.0823196
0.584098
0.496914
-0.622682
1.178
1.43653
-0.821333
0.476843
1.89004
-0.499447
0.381685
-1.83195
0.899405
-0.884635
-0.0485652
-0.160742
-0.177394
1.36456
0.501038
-0.247992
-0.479582
0.872619
0.716727
-0.07793
-2.07388
0.463533
0.270796
0.912864
0.00260373
-0.744191
0.597497
-0.764355
-1.57979
0.512546
0.500776
-0.184252
1.24577
-1.07009
-1.08975
0.0699524
-1.2585
-0.088012
0.848172
0.371778
-1.13265
0.151361
0.41665
-0.589842
-0.434176
-0.507277
-1.56817
-0.0494607
1.40345
1.79544
-0.161381
0.832584
-2.238
1.68024
0.543693
0.0756393
-1.80944
0.622758
1.73095
-0.225386
-1.19611
-0.689498
-1.81065
-1.20487
-0.107764
0.412738
0.92584
-0.213441
0.42368
0.122029
-0.252684
-0.799246
-0.546521
0.298044
-0.0336406
-0.169853
-0.848015
-0.0840837
-0.828989
-1.80828
-1.11697
1.00538
-0.717852
0.89403
-0.846734
0.825763
-0.76393
0.710675
-0.960827
0.049725
0.0638729
-0.721137
0.25803
-0.631962
-0.231228
0.245174
-0.242636
1.44924
0.770576
1.08612
-1.47324
-0.913568
-1.0766
0.406997
0.0421141
1.5032
0.178433
-1.24146
0.473934
1.31439
-1.79847
0.900499
-0.4637
1.59237
1.60424
-0.444677
0.977085
-0.66147
1.33043
3.55563
0.454288
0.438122
-0.356493
-2.06665
1.28186
-0.398876
2.45664
-0.231681
-1.11021
-0.837462
0.962299
-0.599949
-0.896641
2.02066
-0.613245
-1.93666
-0.56508
1.06234
-0.0152186
0.588032
0.0247973
1.07095
-0.032431
0.74757
0.728476
1.29086
0.314533
1.04962
0.729946
-0.215997
0.20985
0.807945
1.18175
0.705397
-2.30401
-0.487213
2.02253
0.558454
-0.176081
0.135516
0.417658
0.844932
0.474207
-1.03864
2.22011
-0.965298
0.758721
-0.746166
0.294368
-0.478689
1.06937
0.0863395
0.0701335
-0.115062
-0.493245
1.02771
-1.64347
-1.8417
2.1846
0.0934301
-1.60621
-1.87653
0.963642
1.20815
2.49661
-0.789138
-0.102218
-0.291199
1.26857
-0.0522116
0.425738
-1.73029
-1.06751
0.571731
-1.25227
-0.705546
-0.745291
-3.01529
-0.0297768
-1.99666
0.286697
-0.749002
0.365968
0.358429
-0.539283
0.176759
-0.683555
1.12577
0.0420589
-0.887898
-2.99607
-1.19313
-0.920069
-0.0923274
-0.528666
0.0333472
-0.677483
-1.47383
1.25636
-1.35502
-0.602797
0.582478
2.16049
0.579735
-1.02572
-0.0794641
1.39263
1.37415
0.852623
0.679806
-1.59799
-0.060315
-1.4872
-1.8296
-0.477383
2.61685
-0.924698
0.811169
-1.10917
0.417999
2.52183
0.825511
0.105417
1.19922
0.549116
1.2843
1.21301
-0.558815
0.729376
-0.687422
-1.07472
-0.847078
1.28411
-0.710527
0.226627
-1.31057
-0.428447
-2.05988
-1.33077
-0.236433
-0.151408
-1.52244
1.45247
0.657043
-1.95619
-1.69499
-0.305488
0.745299
-1.79551
0.700371
1.13091
0.393719
1.33831
-0.00372875
0.857485
0.146947
-0.244606
1.46937
0.345727
0.511359
-0.315294
-1.4732
-0.32645
-1.38708
0.128213
1.70057
0.093952
1.98042
0.493881
-0.893498
0.397137
1.04799
1.70957
-0.242042
-1.19322
-0.472872
-0.198105
-0.949015
-0.384762
-1.18305
-0.349261
-0.299192
0.69939
-0.128022
0.997101
-0.0263469
1.44105
1.28183
1.00122
0.195306
0.276909
0.964829
0.475844
-0.959605
2.52485
0.415567
0.101731
1.04209
0.0574058
-0.144343
1.23516
-0.00932793
-0.063422
0.58608
0.0305992
1.02132
0.399051
1.90133
0.0382363
1.50377
-0.0745603
0.187103
-0.619377
0.879756
-0.112232
0.918424
-0.275533
0.524884
-0.190549
0.654379
1.22123
0.138923
-0.391722
0.623391
-1.73718
0.0863914
-1.60853
0.478342
-0.495512
-1.72942
0.220023
1.47595
-1.2158
1.36019
-1.88527
-1.58054
-0.263976
-1.40699
0.85096
0.595419
0.415356
-0.0466862
0.761544
0.376816
0.22477
-1.03749
1.07289
-1.20512
-1.00053
-0.83912
-1.03411
-0.506145
2.10553
-0.0240281
2.36621
2.70757
-0.84548
-0.215218
0.82353
0.867542
-0.455216
0.455474
-1.60963
0.499961
0.6794
1.3402
0.776311
0.455059
-1.12731
-1.04302
-0.238556
-1.95248
1.41295
-1.44616
-0.142148
0.348654
0.51915
1.67444
-0.795711
-1.17746
0.329877
0.434574
0.396207
0.261034
0.704214
0.897887
-0.758436
-0.0870845
0.352551
-1.33838
0.767186
0.385552
-2.11401
0.372808
0.770485
-0.480329
-0.374337
1.23177
0.0445402
0.735462
-0.848401
1.88442
0.506176
0.888313
0.454618
-0.0712996
-0.355664
1.05712
0.0597338
-1.07974
-2.41586
1.07261
0.38466
0.0408743
-0.590375
-0.49908
0.741852
-0.537607
-1.72761
-1.35229
-0.650289
-0.248245
1.16069
0.305448
0.81114
0.987292
-1.75747
-0.613064
-2.12418
1.0991
-0.835561
-0.261238
0.00708495
0.0682263
0.0438183
0.668016
-1.10928
-0.504587
0.347599
0.231494
-1.12678
0.276075
-0.580852
-0.21359
-0.412554
0.0533907
-0.23899
-1.23724
1.95047
-0.664998
-1.21052
1.11867
0.451128
0.0598155
1.31367
-1.03652
-2.01348
-1.02571
0.258716
-0.634943
-0.925113
-1.80489
-0.207307
-1.60376
-1.2272
-0.358255
-0.93649
0.647976
0.635354
-1.30415
0.47464
0.607986
-0.435668
1.33243
-1.38792
0.230096
0.550238
-0.691363
-0.0902565
-0.144367
-0.187867
-0.325398
-0.568325
-0.503255
1.50483
2.21678
1.97098
1.065
-0.734253
-0.0798502
1.32469
-0.315768
-1.85963
0.0576564
-0.171447
-2.51276
-0.107805
1.63872
0.0749538
-1.73221
1.35444
-0.655745
1.0558
-1.5643
-1.42513
-0.305285
2.05783
0.955769
1.7708
0.403634
-0.853375
-0.758223
-1.36127
-1.13685
-0.187801
0.612568
0.427032
0.33989
-1.17967
0.93165
1.3873
1.52704
-0.358315
-1.79138
-0.769365
0.862431
-0.181357
-0.568255
-1.68005
0.782702
-0.664255
0.207556
0.260019
0.532927
1.61112
-0.308129
0.554034
-0.573955
-0.914201
-1.52049
0.00742003
1.61089
0.250812
-0.48131
-0.489462
0.646643
-1.299
-0.133746
-0.800757
1.88659
-1.7175
-0.120352
1.33592
0.31702
-1.48368
2.48816
0.619706
0.68831
-0.775389
-0.607319
-0.161606
1.02131
-0.676974
0.00656268
0.662043
-1.97585
1.70362
1.30138
0.473653
-2.31497
-0.654836
0.916778
-0.0918275
0.945266
-1.48184
0.758993
-0.934063
1.78393
-0.662539
-0.33687
0.849966
-0.825242
-0.059139
-0.282064
-0.585048
1.04032
0.148794
1.60647
0.154475
1.29023
0.967537
0.0754857
-0.315913
-1.26179
-0.341785
-0.519315
-0.411339
-0.788236
-1.41141
0.150331
1.39639
-1.82033
1.13141
0.613059
0.581156
0.463525
-0.7266
0.264362
0.946105
0.312229
1.98188
-1.32104
0.345114
-0.913666
2.20335
-0.0401818
-1.67294
1.01316
0.671566
-1.11657
0.709984
0.367509
-1.62447
0.424762
0.0489122
-1.06786
0.0582626
0.382502
-1.03847
0.243623
-0.360942
-0.506045
-0.635582
-0.225656
-2.67579
-1.22347
-0.727136
-2.99806
0.561205
0.650196
1.18551
-0.912216
1.23199
-1.44885
0.427585
-0.623164
0.671439
0.531947
-1.00388
0.327338
1.71309
0.0657159
1.0284
1.29633
-0.383651
1.31791
-1.14854
0.105682
0.181879
-0.244464
-1.09771
-0.972176
2.49114
-0.751657
0.782572
0.374459
0.884886
-0.662756
-0.600547
-0.828764
-2.49171
-0.417615
-0.255381
0.724403
-0.143357
0.210726
0.266413
-1.50505
2.52273
1.07899
-1.37892
-0.177002
0.652206
-0.901927
-1.04383
-1.30286
-0.293797
-0.435544
0.462122
1.18122
-1.32344
0.235297
-1.10824
-0.373802
0.621929
0.291122
0.883178
0.464196
0.711882
0.409455
0.336945
0.810635
-1.08998
0.84715
0.35647
0.765806
-0.22978
0.515497
-0.856397
1.23127
0.827121
-1.07858
-0.238198
-1.47075
-2.08098
0.0185491
-0.722877
1.61945
-1.173
-0.621291
0.738183
-0.571567
0.722899
-0.639783
-0.540438
-0.562328
-0.0042911
0.125508
-0.481401
1.68349
0.707115
-0.536034
-1.52983
0.376114
-0.434116
0.796248
0.766196
-0.196701
-0.943521
-1.70178
1.55219
1.32172
0.630617
1.48292
0.674258
0.119034
-0.172104
1.746
-0.741772
-0.575713
0.723077
0.6162
-0.985218
2.24329
0.535589
0.724406
2.29315
0.401734
-0.121878
0.954627
1.66061
0.638378
-1.93327
0.197308
-0.510344
-0.0352709
2.78992
1.04967
0.866481
-0.496494
0.811956
-0.743594
1.34719
-0.194116
0.45546
-1.50806
-0.588381
-0.927158
-1.06373
0.0560744
-1.02184
-1.11525
0.106953
0.180536
1.16982
-1.23278
-0.586688
-0.0333626
-0.525803
0.392718
0.64161
1.35045
-0.228477
-0.527289
-0.242075
-0.41113
-0.778232
-0.0857494
-0.72684
-1.2528
-0.416644
0.760651
0.00453901
-0.452871
1.54243
-1.41939
-1.43228
0.107558
-0.505103
-0.915864
0.0840286
-1.33033
0.412014
-0.593891
3.04092
0.585201
1.27932
3.10722
-0.197464
-0.475116
-1.65529
-1.16732
-0.30833
-0.564846
-1.29715
-0.692687
-1.52408
-1.45502
-0.078612
0.454966
-0.402847
-0.654081
-0.061635
0.0457963
0.720058
-0.0174248
0.209583
-1.66219
-0.13989
1.95757
0.740503
-0.478698
0.466544
0.184344
-0.514969
-1.07904
-0.129493
-1.00223
0.849452
1.86098
0.961128
-0.0638525
-1.76009
-0.689229
0.446535
0.441211
1.13342
0.225055
-0.534129
-0.00832903
-0.394403
1.82973
1.45957
1.54009
-0.816625
-0.939861
1.01042
-1.8884
-0.239155
0.275142
0.403765
0.42939
1.32799
-0.299301
0.36811
0.352647
-1.11627
-0.744821
0.355478
-1.6923
0.154018
0.267714
-0.400111
-0.053757
-1.50394
-1.51516
-0.819703
0.209575
-0.226548
0.844198
0.999581
0.06454
-0.470327
-1.69786
-0.14306
-0.626198
-1.26891
1.32603
0.515779
1.76991
-1.34562
-0.592774
0.932294
-2.61004
-0.619704
-0.0345275
0.480282
0.272377
-1.46534
-2.97631
1.95908
-0.148245
-0.737712
-0.846297
0.251742
-0.146341
0.376509
0.763197
-0.885536
-0.0202081
1.32535
1.24367
0.800696
-0.367052
0.684134
-0.466481
0.485729
1.54698
0.473542
0.456385
-0.774225
-0.0704245
-1.63447
-1.27601
-0.73558
0.797618
-0.65748
0.258998
0.124319
0.990314
0.0147443
-1.81283
-0.0539758
-0.271525
1.55864
-0.292484
0.150099
-0.872413
-0.28758
-0.199752
-0.671781
-0.127516
-1.72706
0.954342
0.460187
1.21501
-1.20932
-2.04328
-0.667942
-0.344964
1.31813
0.381919
0.850087
0.0207212
0.357585
1.35635
-0.991713
-0.0973021
0.668923
0.193158
0.101984
-0.399351
-1.19801
-1.55072
-1.51695
-0.492875
-0.389264
0.118995
-0.896193
-0.73909
0.182489
-0.320177
-0.137961
-0.545903
1.33705
0.309593
-1.35527
1.07395
-0.303941
0.592962
-1.37237
-0.419315
-1.39834
-1.24766
0.571779
2.37364
-0.247622
0.124848
-0.966212
1.73454
0.764612
-0.516645
0.359453
-0.0456844
0.639118
1.06345
1.66233
-0.453978
-0.446905
-0.162235
0.826885
-1.81559
0.860162
1.17783
0.419637
-0.395589
1.45384
1.366
0.310503
-1.02408
0.755487
1.04653
-0.985928
0.0308084
1.41436
0.227938
-1.12972
0.926873
-0.154017
-1.96896
-0.906987
2.16349
-0.0375401
0.297817
0.806111
0.338372
1.12091
-0.693063
-0.826581
1.02763
0.626522
-2.55499
0.747614
-1.19853
2.1256
-2.5381
-0.588415
1.01226
-0.0172536
-1.27486
-0.186585
-1.03222
-1.60491
-2.77364
1.64558
1.34724
1.29002
-0.417544
-0.144101
-0.491141
0.730253
0.373015
-0.454007
-1.06569
-0.421894
0.122539
0.447935
0.62936
0.446934
0.0604589
-1.04902
1.15809
0.473763
1.34692
0.279164
-0.4431
-1.4177
-1.02013
-0.108117
-0.607895
-0.0335114
0.76705
0.724541
0.235104
1.75624
-0.197918
-0.165692
0.341566
0.138401
-0.161147
0.887417
0.851501
1.10087
-1.04696
-0.561201
-0.695571
-1.59164
-1.02662
0.784101
-0.703419
-1.52185
-0.0863665
-1.02578
-0.239944
0.174798
-0.36772
-0.765805
1.09799
0.474006
0.400339
1.2126
0.240629
1.11501
0.227378
0.485198
-0.892886
2.52335
1.80858
0.879477
-1.74297
1.0669
1.08545
0.275912
0.253228
-0.0377142
0.985584
-0.581029
0.737483
0.616903
0.213017
1.47372
1.60439
0.689437
1.92026
2.18657
1.04784
-0.129812
0.221932
-1.14726
0.546581
-0.251184
