2	0.645235	0.020747	0.632334	0.000337153	0.632121	5.00189e-07
4	0.635409	0.00520292	0.632134	2.1541e-05	0.632121	8.00765e-09
6	0.633583	0.00231374	0.632123	4.27256e-06	0.632121	7.06202e-10
8	0.632943	0.00130174	0.632121	1.35382e-06	0.632121	1.25889e-10
10	0.632647	0.000833194	0.632121	5.54895e-07	0.632121	3.30255e-11
12	0.632486	0.000578637	0.632121	2.67697e-07	0.632121	1.10646e-11
14	0.632389	0.000425134	0.632121	1.44528e-07	0.632121	4.38876e-12
16	0.632326	0.0003255	0.632121	8.47316e-08	0.632121	1.97009e-12
18	0.632283	0.000257188	0.632121	5.29027e-08	0.632121	9.71787e-13
20	0.632252	0.000208325	0.632121	3.47119e-08	0.632121	5.16366e-13
22	0.632229	0.00017217	0.632121	2.37099e-08	0.632121	2.91905e-13
24	0.632212	0.000144672	0.632121	1.67414e-08	0.632121	1.73e-13
26	0.632198	0.000123271	0.632121	1.21551e-08	0.632121	1.07137e-13
28	0.632188	0.00010629	0.632121	9.03711e-09	0.632121	6.86732e-14
30	0.632179	9.25909e-05	0.632121	6.8578e-09	0.632121	4.54894e-14
32	0.632172	8.13789e-05	0.632121	5.29757e-09	0.632121	3.10873e-14
34	0.632166	7.20866e-05	0.632121	4.15688e-09	0.632121	2.16031e-14
36	0.632161	6.42996e-05	0.632121	3.30733e-09	0.632121	1.52802e-14
38	0.632157	5.77094e-05	0.632121	2.66414e-09	0.632121	1.12406e-14
40	0.632153	5.20828e-05	0.632121	2.16998e-09	0.632121	8.25483e-15
42	0.63215	4.72407e-05	0.632121	1.78526e-09	0.632121	5.79594e-15
44	0.632148	4.30437e-05	0.632121	1.48214e-09	0.632121	4.5665e-15
46	0.632145	3.93822e-05	0.632121	1.24071e-09	0.632121	3.68833e-15
48	0.632143	3.61687e-05	0.632121	1.0465e-09	0.632121	2.81016e-15
50	0.632142	3.33331e-05	0.632121	8.88847e-10	0.632121	2.10762e-15
52	0.63214	3.08184e-05	0.632121	7.59793e-10	0.632121	1.93198e-15
54	0.632139	2.85778e-05	0.632121	6.53333e-10	0.632121	1.58071e-15
56	0.632137	2.6573e-05	0.632121	5.64884e-10	0.632121	8.78173e-16
58	0.632136	2.4772e-05	0.632121	4.90908e-10	0.632121	1.05381e-15
60	0.632135	2.3148e-05	0.632121	4.28655e-10	0.632121	1.05381e-15
62	0.632134	2.16787e-05	0.632121	3.75965e-10	0.632121	7.02539e-16
64	0.632133	2.0345e-05	0.632121	3.31127e-10	0.632121	3.51269e-16
66	0.632133	1.91306e-05	0.632121	2.92779e-10	0.632121	5.26904e-16
68	0.632132	1.80218e-05	0.632121	2.59825e-10	0.632121	3.51269e-16
70	0.632131	1.70067e-05	0.632121	2.31379e-10	0.632121	3.51269e-16
72	0.632131	1.60751e-05	0.632121	2.06723e-10	0.632121	5.26904e-16
74	0.63213	1.52179e-05	0.632121	1.85264e-10	0.632121	3.51269e-16
76	0.63213	1.44275e-05	0.632121	1.66519e-10	0.632121	0
78	0.632129	1.36971e-05	0.632121	1.50086e-10	0.632121	0
80	0.632129	1.30208e-05	0.632121	1.35631e-10	0.632121	0
82	0.632128	1.23934e-05	0.632121	1.22875e-10	0.632121	3.51269e-16
84	0.632128	1.18103e-05	0.632121	1.11584e-10	0.632121	1.75635e-16
86	0.632128	1.12673e-05	0.632121	1.01561e-10	0.632121	7.02539e-16
88	0.632127	1.0761e-05	0.632121	9.2638e-11	0.632121	1.75635e-16
90	0.632127	1.0288e-05	0.632121	8.46738e-11	0.632121	0
92	0.632127	9.8456e-06	0.632121	7.75485e-11	0.632121	0
94	0.632127	9.4311e-06	0.632121	7.11559e-11	0.632121	3.51269e-16
96	0.632126	9.04223e-06	0.632121	6.5409e-11	0.632121	0
98	0.632126	8.67693e-06	0.632121	6.02309e-11	0.632121	5.26904e-16
100	0.632126	8.33332e-06	0.632121	5.5555e-11	0.632121	1.75635e-16
102	0.632126	8.00973e-06	0.632121	5.13238e-11	0.632121	0
104	0.632125	7.70462e-06	0.632121	4.74888e-11	0.632121	0
106	0.632125	7.41663e-06	0.632121	4.4004e-11	0.632121	1.75635e-16
108	0.632125	7.14448e-06	0.632121	4.08342e-11	0.632121	1.75635e-16
110	0.632125	6.88704e-06	0.632121	3.79445e-11	0.632121	3.51269e-16
112	0.632125	6.64327e-06	0.632121	3.53063e-11	0.632121	0
114	0.632125	6.41222e-06	0.632121	3.28929e-11	0.632121	1.75635e-16
116	0.632124	6.19302e-06	0.632121	3.06825e-11	0.632121	5.26904e-16
118	0.632124	5.98486e-06	0.632121	2.86546e-11	0.632121	1.75635e-16
120	0.632124	5.78703e-06	0.632121	2.67922e-11	0.632121	1.75635e-16
122	0.632124	5.59885e-06	0.632121	2.50778e-11	0.632121	3.51269e-16
124	0.632124	5.4197e-06	0.632121	2.34982e-11	0.632121	0
126	0.632124	5.24901e-06	0.632121	2.20413e-11	0.632121	1.75635e-16
128	0.632124	5.08626e-06	0.632121	2.06959e-11	0.632121	5.26904e-16
130	0.632124	4.93096e-06	0.632121	1.94514e-11	0.632121	0
132	0.632124	4.78267e-06	0.632121	1.82992e-11	0.632121	3.51269e-16
134	0.632123	4.64097e-06	0.632121	1.72306e-11	0.632121	1.75635e-16
136	0.632123	4.50547e-06	0.632121	1.62392e-11	0.632121	1.75635e-16
138	0.632123	4.37583e-06	0.632121	1.53183e-11	0.632121	3.51269e-16
140	0.632123	4.2517e-06	0.632121	1.44612e-11	0.632121	1.75635e-16
142	0.632123	4.13277e-06	0.632121	1.36635e-11	0.632121	1.75635e-16
144	0.632123	4.01877e-06	0.632121	1.29202e-11	0.632121	0
146	0.632123	3.90942e-06	0.632121	1.22268e-11	0.632121	7.02539e-16
148	0.632123	3.80448e-06	0.632121	1.15791e-11	0.632121	1.75635e-16
150	0.632123	3.7037e-06	0.632121	1.09742e-11	0.632121	3.51269e-16
152	0.632123	3.60688e-06	0.632121	1.04081e-11	0.632121	0
154	0.632123	3.5138e-06	0.632121	9.87752e-12	0.632121	1.75635e-16
156	0.632123	3.42428e-06	0.632121	9.38047e-12	0.632121	0
158	0.632123	3.33814e-06	0.632121	8.91416e-12	0.632121	3.51269e-16
160	0.632123	3.25521e-06	0.632121	8.47683e-12	0.632121	1.75635e-16
162	0.632123	3.17533e-06	0.632121	8.06602e-12	0.632121	3.51269e-16
164	0.632123	3.09835e-06	0.632121	7.67998e-12	0.632121	3.51269e-16
166	0.632122	3.02414e-06	0.632121	7.31677e-12	0.632121	5.26904e-16
168	0.632122	2.95257e-06	0.632121	6.97428e-12	0.632121	0
170	0.632122	2.8835e-06	0.632121	6.65181e-12	0.632121	1.75635e-16
172	0.632122	2.81684e-06	0.632121	6.34761e-12	0.632121	3.51269e-16
174	0.632122	2.75245e-06	0.632121	6.06028e-12	0.632121	0
176	0.632122	2.69025e-06	0.632121	5.78997e-12	0.632121	5.26904e-16
178	0.632122	2.63014e-06	0.632121	5.5339e-12	0.632121	1.75635e-16
180	0.632122	2.57202e-06	0.632121	5.29275e-12	0.632121	3.51269e-16
182	0.632122	2.5158e-06	0.632121	5.06285e-12	0.632121	0
184	0.632122	2.4614e-06	0.632121	4.84629e-12	0.632121	3.51269e-16
186	0.632122	2.40876e-06	0.632121	4.64185e-12	0.632121	1.75635e-16
188	0.632122	2.35778e-06	0.632121	4.44795e-12	0.632121	5.26904e-16
190	0.632122	2.3084e-06	0.632121	4.26318e-12	0.632121	1.75635e-16
192	0.632122	2.26056e-06	0.632121	4.0879e-12	0.632121	3.51269e-16
194	0.632122	2.21419e-06	0.632121	3.92245e-12	0.632121	1.75635e-16
196	0.632122	2.16923e-06	0.632121	3.76455e-12	0.632121	0
198	0.632122	2.12563e-06	0.632121	3.61509e-12	0.632121	1.75635e-16
200	0.632122	2.08333e-06	0.632121	3.47282e-12	0.632121	7.02539e-16
202	0.632122	2.04228e-06	0.632121	3.33706e-12	0.632121	1.75635e-16
204	0.632122	2.00243e-06	0.632121	3.20779e-12	0.632121	0
206	0.632122	1.96374e-06	0.632121	3.08467e-12	0.632121	3.51269e-16
208	0.632122	1.92616e-06	0.632121	2.9684e-12	0.632121	1.75635e-16
210	0.632122	1.88964e-06	0.632121	2.85617e-12	0.632121	0
212	0.632122	1.85416e-06	0.632121	2.74991e-12	0.632121	7.02539e-16
214	0.632122	1.81966e-06	0.632121	2.6484e-12	0.632121	0
216	0.632122	1.78612e-06	0.632121	2.55215e-12	0.632121	5.26904e-16
218	0.632122	1.7535e-06	0.632121	2.45976e-12	0.632121	3.51269e-16
220	0.632122	1.72176e-06	0.632121	2.37124e-12	0.632121	1.75635e-16
222	0.632122	1.69088e-06	0.632121	2.28729e-12	0.632121	0
224	0.632122	1.66082e-06	0.632121	2.20667e-12	0.632121	0
226	0.632122	1.63156e-06	0.632121	2.12975e-12	0.632121	3.51269e-16
228	0.632122	1.60306e-06	0.632121	2.05563e-12	0.632121	3.51269e-16
230	0.632122	1.5753e-06	0.632121	1.98555e-12	0.632121	0
232	0.632122	1.54826e-06	0.632121	1.91776e-12	0.632121	0
234	0.632122	1.5219e-06	0.632121	1.85277e-12	0.632121	0
236	0.632122	1.49622e-06	0.632121	1.79095e-12	0.632121	0
238	0.632121	1.47118e-06	0.632121	1.73158e-12	0.632121	1.75635e-16
240	0.632121	1.44676e-06	0.632121	1.67433e-12	0.632121	3.51269e-16
242	0.632121	1.42294e-06	0.632121	1.61953e-12	0.632121	1.75635e-16
244	0.632121	1.39971e-06	0.632121	1.56772e-12	0.632121	0
246	0.632121	1.37705e-06	0.632121	1.51766e-12	0.632121	5.26904e-16
248	0.632121	1.35493e-06	0.632121	1.46901e-12	0.632121	3.51269e-16
250	0.632121	1.33333e-06	0.632121	1.42264e-12	0.632121	0
252	0.632121	1.31225e-06	0.632121	1.37715e-12	0.632121	1.75635e-16
254	0.632121	1.29167e-06	0.632121	1.335e-12	0.632121	1.75635e-16
256	0.632121	1.27157e-06	0.632121	1.29373e-12	0.632121	1.75635e-16
258	0.632121	1.25193e-06	0.632121	1.25438e-12	0.632121	0
260	0.632121	1.23274e-06	0.632121	1.21539e-12	0.632121	0
262	0.632121	1.21399e-06	0.632121	1.17868e-12	0.632121	3.51269e-16
264	0.632121	1.19567e-06	0.632121	1.14408e-12	0.632121	0
266	0.632121	1.17776e-06	0.632121	1.10896e-12	0.632121	1.75635e-16
268	0.632121	1.16024e-06	0.632121	1.07752e-12	0.632121	1.75635e-16
270	0.632121	1.14312e-06	0.632121	1.0445e-12	0.632121	3.51269e-16
272	0.632121	1.12637e-06	0.632121	1.01517e-12	0.632121	0
274	0.632121	1.10999e-06	0.632121	9.85838e-13	0.632121	1.75635e-16
276	0.632121	1.09396e-06	0.632121	9.57385e-13	0.632121	3.51269e-16
278	0.632121	1.07827e-06	0.632121	9.31566e-13	0.632121	0
280	0.632121	1.06292e-06	0.632121	9.03289e-13	0.632121	1.75635e-16
282	0.632121	1.0479e-06	0.632121	8.78173e-13	0.632121	0
284	0.632121	1.03319e-06	0.632121	8.5499e-13	0.632121	3.51269e-16
286	0.632121	1.01879e-06	0.632121	8.30225e-13	0.632121	1.75635e-16
288	0.632121	1.00469e-06	0.632121	8.07393e-13	0.632121	3.51269e-16
290	0.632121	9.90884e-07	0.632121	7.85087e-13	0.632121	7.02539e-16
292	0.632121	9.77356e-07	0.632121	7.63835e-13	0.632121	1.75635e-16
294	0.632121	9.64104e-07	0.632121	7.43813e-13	0.632121	1.75635e-16
296	0.632121	9.5112e-07	0.632121	7.23439e-13	0.632121	1.75635e-16
298	0.632121	9.38396e-07	0.632121	7.05173e-13	0.632121	1.75635e-16
300	0.632121	9.25926e-07	0.632121	6.85502e-13	0.632121	5.26904e-16
302	0.632121	9.13702e-07	0.632121	6.68641e-13	0.632121	3.51269e-16
304	0.632121	9.0172e-07	0.632121	6.50551e-13	0.632121	5.26904e-16
306	0.632121	8.89971e-07	0.632121	6.33163e-13	0.632121	1.75635e-16
308	0.632121	8.7845e-07	0.632121	6.16127e-13	0.632121	0
310	0.632121	8.67152e-07	0.632121	6.01373e-13	0.632121	0
312	0.632121	8.5607e-07	0.632121	5.86444e-13	0.632121	5.26904e-16
314	0.632121	8.452e-07	0.632121	5.72042e-13	0.632121	3.51269e-16
316	0.632121	8.34535e-07	0.632121	5.57465e-13	0.632121	8.78173e-16
318	0.632121	8.24071e-07	0.632121	5.43414e-13	0.632121	1.75635e-16
320	0.632121	8.13802e-07	0.632121	5.29539e-13	0.632121	3.51269e-16
322	0.632121	8.03724e-07	0.632121	5.1619e-13	0.632121	5.26904e-16
324	0.632121	7.93832e-07	0.632121	5.0495e-13	0.632121	0
326	0.632121	7.84122e-07	0.632121	4.91777e-13	0.632121	3.51269e-16
328	0.632121	7.74588e-07	0.632121	4.79658e-13	0.632121	1.75635e-16
330	0.632121	7.65228e-07	0.632121	4.67715e-13	0.632121	1.75635e-16
332	0.632121	7.56036e-07	0.632121	4.58055e-13	0.632121	3.51269e-16
334	0.632121	7.47009e-07	0.632121	4.4699e-13	0.632121	1.75635e-16
336	0.632121	7.38142e-07	0.632121	4.35223e-13	0.632121	0
338	0.632121	7.29433e-07	0.632121	4.26265e-13	0.632121	1.75635e-16
340	0.632121	7.20876e-07	0.632121	4.15727e-13	0.632121	0
342	0.632121	7.1247e-07	0.632121	4.06067e-13	0.632121	1.75635e-16
344	0.632121	7.04209e-07	0.632121	3.96759e-13	0.632121	5.26904e-16
346	0.632121	6.96092e-07	0.632121	3.86923e-13	0.632121	7.02539e-16
348	0.632121	6.88114e-07	0.632121	3.7902e-13	0.632121	3.51269e-16
350	0.632121	6.80272e-07	0.632121	3.70062e-13	0.632121	1.75635e-16
352	0.632121	6.72564e-07	0.632121	3.60929e-13	0.632121	1.75635e-16
354	0.632121	6.64985e-07	0.632121	3.53728e-13	0.632121	8.78173e-16
356	0.632121	6.57535e-07	0.632121	3.45825e-13	0.632121	7.02539e-16
358	0.632121	6.50209e-07	0.632121	3.37746e-13	0.632121	7.02539e-16
360	0.632121	6.43004e-07	0.632121	3.31071e-13	0.632121	1.75635e-16
362	0.632121	6.35919e-07	0.632121	3.23343e-13	0.632121	7.02539e-16
364	0.632121	6.2895e-07	0.632121	3.16845e-13	0.632121	1.75635e-16
366	0.632121	6.22095e-07	0.632121	3.09644e-13	0.632121	1.75635e-16
368	0.632121	6.15351e-07	0.632121	3.0297e-13	0.632121	7.02539e-16
370	0.632121	6.08717e-07	0.632121	2.96471e-13	0.632121	0
372	0.632121	6.02189e-07	0.632121	2.89973e-13	0.632121	3.51269e-16
374	0.632121	5.95766e-07	0.632121	2.82947e-13	0.632121	0
376	0.632121	5.89445e-07	0.632121	2.77503e-13	0.632121	1.75635e-16
378	0.632121	5.83224e-07	0.632121	2.71531e-13	0.632121	3.51269e-16
380	0.632121	5.77101e-07	0.632121	2.66438e-13	0.632121	0
382	0.632121	5.71073e-07	0.632121	2.60818e-13	0.632121	5.26904e-16
384	0.632121	5.6514e-07	0.632121	2.56427e-13	0.632121	0
386	0.632121	5.59299e-07	0.632121	2.49928e-13	0.632121	3.51269e-16
388	0.632121	5.53548e-07	0.632121	2.4501e-13	0.632121	1.75635e-16
390	0.632121	5.47885e-07	0.632121	2.41146e-13	0.632121	8.78173e-16
392	0.632121	5.42309e-07	0.632121	2.34121e-13	0.632121	1.75635e-16
394	0.632121	5.36817e-07	0.632121	2.3096e-13	0.632121	1.75635e-16
396	0.632121	5.31408e-07	0.632121	2.25691e-13	0.632121	3.51269e-16
398	0.632121	5.26081e-07	0.632121	2.21651e-13	0.632121	7.02539e-16
400	0.632121	5.20833e-07	0.632121	2.16558e-13	0.632121	3.51269e-16
402	0.632121	5.15664e-07	0.632121	2.13045e-13	0.632121	5.26904e-16
404	0.632121	5.10571e-07	0.632121	2.08478e-13	0.632121	3.51269e-16
406	0.632121	5.05553e-07	0.632121	2.04263e-13	0.632121	5.26904e-16
408	0.632121	5.00609e-07	0.632121	2.00048e-13	0.632121	1.05381e-15
410	0.632121	4.95737e-07	0.632121	1.95833e-13	0.632121	1.05381e-15
412	0.632121	4.90935e-07	0.632121	1.91969e-13	0.632121	1.75635e-16
414	0.632121	4.86203e-07	0.632121	1.89159e-13	0.632121	7.02539e-16
416	0.632121	4.8154e-07	0.632121	1.85295e-13	0.632121	0
418	0.632121	4.76943e-07	0.632121	1.82836e-13	0.632121	1.75635e-16
420	0.632121	4.72411e-07	0.632121	1.78269e-13	0.632121	1.75635e-16
422	0.632121	4.67944e-07	0.632121	1.74581e-13	0.632121	1.75635e-16
424	0.632121	4.6354e-07	0.632121	1.72649e-13	0.632121	0
426	0.632121	4.59198e-07	0.632121	1.68082e-13	0.632121	1.75635e-16
428	0.632121	4.54916e-07	0.632121	1.6615e-13	0.632121	0
430	0.632121	4.50694e-07	0.632121	1.63516e-13	0.632121	1.75635e-16
432	0.632121	4.46531e-07	0.632121	1.59828e-13	0.632121	5.26904e-16
434	0.632121	4.42425e-07	0.632121	1.57193e-13	0.632121	3.51269e-16
436	0.632121	4.38375e-07	0.632121	1.54383e-13	0.632121	3.51269e-16
438	0.632121	4.34381e-07	0.632121	1.52451e-13	0.632121	1.75635e-16
440	0.632121	4.30441e-07	0.632121	1.48763e-13	0.632121	8.78173e-16
442	0.632121	4.26554e-07	0.632121	1.45426e-13	0.632121	1.75635e-16
444	0.632121	4.2272e-07	0.632121	1.43142e-13	0.632121	1.75635e-16
446	0.632121	4.18937e-07	0.632121	1.41035e-13	0.632121	1.75635e-16
448	0.632121	4.15205e-07	0.632121	1.37698e-13	0.632121	1.75635e-16
450	0.632121	4.11523e-07	0.632121	1.35063e-13	0.632121	1.75635e-16
452	0.632121	4.07889e-07	0.632121	1.33131e-13	0.632121	5.26904e-16
454	0.632121	4.04303e-07	0.632121	1.31199e-13	0.632121	8.78173e-16
456	0.632121	4.00764e-07	0.632121	1.29443e-13	0.632121	1.75635e-16
458	0.632121	3.97272e-07	0.632121	1.26281e-13	0.632121	3.51269e-16
460	0.632121	3.93825e-07	0.632121	1.24525e-13	0.632121	1.75635e-16
462	0.632121	3.90422e-07	0.632121	1.22769e-13	0.632121	1.75635e-16
464	0.632121	3.87064e-07	0.632121	1.19958e-13	0.632121	1.75635e-16
466	0.632121	3.83749e-07	0.632121	1.1627e-13	0.632121	1.75635e-16
468	0.632121	3.80476e-07	0.632121	1.16095e-13	0.632121	5.26904e-16
470	0.632121	3.77245e-07	0.632121	1.14338e-13	0.632121	7.02539e-16
472	0.632121	3.74054e-07	0.632121	1.11879e-13	0.632121	1.22944e-15
474	0.632121	3.70904e-07	0.632121	1.09947e-13	0.632121	1.75635e-16
476	0.632121	3.67794e-07	0.632121	1.0784e-13	0.632121	3.51269e-16
478	0.632121	3.64723e-07	0.632121	1.0661e-13	0.632121	3.51269e-16
480	0.632121	3.6169e-07	0.632121	1.03273e-13	0.632121	1.75635e-16
482	0.632121	3.58694e-07	0.632121	1.03273e-13	0.632121	5.26904e-16
484	0.632121	3.55736e-07	0.632121	1.01517e-13	0.632121	7.02539e-16
486	0.632121	3.52814e-07	0.632121	9.85311e-14	0.632121	0
488	0.632121	3.49928e-07	0.632121	9.92336e-14	0.632121	0
490	0.632121	3.47078e-07	0.632121	9.74773e-14	0.632121	0
492	0.632121	3.44262e-07	0.632121	9.44915e-14	0.632121	3.51269e-16
494	0.632121	3.4148e-07	0.632121	9.3262e-14	0.632121	7.02539e-16
496	0.632121	3.38731e-07	0.632121	9.18569e-14	0.632121	8.78173e-16
498	0.632121	3.36016e-07	0.632121	8.97493e-14	0.632121	1.75635e-16
500	0.632121	3.33333e-07	0.632121	8.86955e-14	0.632121	7.02539e-16
