2	0.645235	0.020747	0.632334	0.000337178	0.632121	5.51284e-07
4	0.635409	0.00520289	0.632134	2.14844e-05	0.632121	1.44747e-08
6	0.633583	0.00231375	0.632123	4.32301e-06	0.632121	1.44747e-08
8	0.632943	0.0013018	0.632121	1.39992e-06	0.632121	7.98185e-08
10	0.632647	0.00083316	0.632121	4.56991e-07	0.632121	1.44747e-08
12	0.632486	0.000578568	0.632121	1.74112e-07	0.632121	1.44747e-08
14	0.632389	0.000425153	0.632121	2.68405e-07	0.632121	7.98185e-08
16	0.632326	0.000325486	0.632121	1.74112e-07	0.63212	1.08768e-07
18	0.632283	0.000257217	0.632121	1.44747e-08	0.632121	1.44747e-08
20	0.632252	0.000208279	0.632121	1.44747e-08	0.63212	1.08768e-07
22	0.632229	0.000172071	0.632121	7.98185e-08	0.632121	7.98185e-08
24	0.632212	0.000144726	0.632121	1.74112e-07	0.63212	1.08768e-07
26	0.632198	0.000123227	0.632121	1.44747e-08	0.632121	7.98185e-08
28	0.632188	0.000106443	0.632121	1.44747e-08	0.632121	1.44747e-08
30	0.632179	9.24871e-05	0.63212	1.08768e-07	0.63212	1.08768e-07
32	0.632172	8.13605e-05	0.632121	1.44747e-08	0.632121	1.44747e-08
34	0.632166	7.19312e-05	0.632121	1.44747e-08	0.632121	1.74112e-07
36	0.632161	6.41049e-05	0.632121	1.44747e-08	0.632121	1.44747e-08
38	0.632157	5.76929e-05	0.632121	1.44747e-08	0.632121	1.44747e-08
40	0.632154	5.21296e-05	0.632121	1.74112e-07	0.63212	1.08768e-07
42	0.63215	4.72264e-05	0.632121	7.98185e-08	0.632121	7.98185e-08
44	0.632148	4.29832e-05	0.63212	2.03061e-07	0.632121	7.98185e-08
46	0.632145	3.92115e-05	0.632121	1.44747e-08	0.63212	1.08768e-07
48	0.632143	3.61941e-05	0.632121	1.44747e-08	0.632121	1.44747e-08
50	0.632142	3.35539e-05	0.632121	1.44747e-08	0.632121	1.74112e-07
52	0.63214	3.08194e-05	0.632121	1.74112e-07	0.632121	7.98185e-08
54	0.632139	2.88392e-05	0.632121	1.44747e-08	0.632121	7.98185e-08
56	0.632138	2.68591e-05	0.632121	7.98185e-08	0.632121	7.98185e-08
58	0.632136	2.46903e-05	0.632121	1.44747e-08	0.632121	1.44747e-08
60	0.632135	2.29931e-05	0.63212	2.03061e-07	0.632121	7.98185e-08
62	0.632134	2.20501e-05	0.632121	1.44747e-08	0.632121	1.44747e-08
64	0.632134	2.06357e-05	0.632121	2.68405e-07	0.632121	1.44747e-08
66	0.632133	1.9127e-05	0.632121	7.98185e-08	0.632121	1.44747e-08
68	0.632132	1.80898e-05	0.632121	1.44747e-08	0.632121	7.98185e-08
70	0.632131	1.6864e-05	0.632121	1.44747e-08	0.63212	1.08768e-07
72	0.632131	1.61097e-05	0.632121	1.74112e-07	0.632121	1.44747e-08
74	0.63213	1.5261e-05	0.632121	7.98185e-08	0.632121	1.44747e-08
76	0.63213	1.4601e-05	0.632121	1.74112e-07	0.63212	2.03061e-07
78	0.632129	1.3658e-05	0.632121	1.44747e-08	0.632121	1.44747e-08
80	0.632129	1.30923e-05	0.632121	1.44747e-08	0.63212	1.08768e-07
82	0.632128	1.23379e-05	0.63212	1.08768e-07	0.63212	1.08768e-07
84	0.632128	1.16779e-05	0.632121	7.98185e-08	0.63212	2.03061e-07
86	0.632128	1.14893e-05	0.63212	2.03061e-07	0.632121	1.74112e-07
88	0.632128	1.10178e-05	0.632121	1.44747e-08	0.632121	7.98185e-08
90	0.632127	1.01692e-05	0.632121	2.68405e-07	0.632121	2.68405e-07
92	0.632127	1.01692e-05	0.632121	1.44747e-08	0.63212	1.08768e-07
94	0.632127	9.60343e-06	0.632121	1.44747e-08	0.632121	7.98185e-08
96	0.632126	9.22626e-06	0.632121	7.98185e-08	0.632121	7.98185e-08
98	0.632126	8.5662e-06	0.632121	1.74112e-07	0.632121	7.98185e-08
100	0.632126	8.09474e-06	0.63212	1.08768e-07	0.632121	7.98185e-08
102	0.632126	7.90615e-06	0.632121	2.68405e-07	0.632121	1.44747e-08
104	0.632125	7.81186e-06	0.63212	1.08768e-07	0.63212	2.97354e-07
106	0.632125	7.43468e-06	0.632121	2.68405e-07	0.632121	1.44747e-08
108	0.632125	6.96322e-06	0.63212	3.91647e-07	0.63212	1.08768e-07
110	0.632125	7.15181e-06	0.632121	3.62698e-07	0.63212	1.08768e-07
112	0.632125	6.58605e-06	0.632121	1.44747e-08	0.632121	1.44747e-08
114	0.632125	6.58605e-06	0.632121	1.74112e-07	0.632121	1.44747e-08
116	0.632124	6.20887e-06	0.632121	1.74112e-07	0.632121	1.44747e-08
118	0.632124	5.64311e-06	0.632121	1.44747e-08	0.632121	1.74112e-07
120	0.632124	6.02029e-06	0.632121	1.74112e-07	0.632121	1.44747e-08
122	0.632124	5.8317e-06	0.63212	1.08768e-07	0.632121	1.44747e-08
124	0.632124	5.07736e-06	0.63212	3.91647e-07	0.63212	2.03061e-07
126	0.632124	5.07736e-06	0.632121	7.98185e-08	0.632121	7.98185e-08
128	0.632124	4.98306e-06	0.63212	2.03061e-07	0.632121	1.74112e-07
130	0.632123	4.4173e-06	0.63212	3.91647e-07	0.63212	1.08768e-07
132	0.632124	4.79448e-06	0.632121	1.44747e-08	0.632121	7.98185e-08
134	0.632123	4.60589e-06	0.63212	2.97354e-07	0.632121	1.74112e-07
136	0.632123	4.4173e-06	0.63212	2.03061e-07	0.632121	1.44747e-08
138	0.632123	4.60589e-06	0.632121	1.74112e-07	0.632121	7.98185e-08
140	0.632123	4.13442e-06	0.63212	2.03061e-07	0.632121	7.98185e-08
142	0.632123	4.22872e-06	0.63212	2.03061e-07	0.632121	1.44747e-08
144	0.632123	4.04013e-06	0.632121	1.44747e-08	0.63212	1.08768e-07
146	0.632123	3.75725e-06	0.632121	1.44747e-08	0.63212	1.08768e-07
148	0.632123	3.85154e-06	0.632121	7.98185e-08	0.632121	1.44747e-08
150	0.632123	3.38008e-06	0.632121	3.62698e-07	0.632121	7.98185e-08
152	0.632123	3.47437e-06	0.632121	1.44747e-08	0.632121	2.68405e-07
154	0.632123	3.47437e-06	0.632121	1.44747e-08	0.632121	1.74112e-07
156	0.632123	3.38008e-06	0.63212	1.08768e-07	0.632121	7.98185e-08
158	0.632123	3.56867e-06	0.63212	1.08768e-07	0.632121	1.74112e-07
160	0.632122	3.00291e-06	0.63212	2.03061e-07	0.63212	2.03061e-07
162	0.632123	3.28579e-06	0.632121	1.74112e-07	0.63212	2.03061e-07
164	0.632122	2.81432e-06	0.63212	1.08768e-07	0.632121	7.98185e-08
166	0.632122	2.53144e-06	0.63212	2.97354e-07	0.63212	1.08768e-07
168	0.632122	3.00291e-06	0.632121	7.98185e-08	0.632121	1.74112e-07
170	0.632122	3.00291e-06	0.63212	2.03061e-07	0.63212	1.08768e-07
172	0.632122	2.81432e-06	0.63212	1.08768e-07	0.63212	2.97354e-07
174	0.632122	2.62573e-06	0.63212	1.08768e-07	0.63212	1.08768e-07
176	0.632122	2.53144e-06	0.632121	3.62698e-07	0.632121	1.44747e-08
178	0.632122	2.53144e-06	0.632121	1.44747e-08	0.632121	7.98185e-08
180	0.632122	2.72003e-06	0.63212	2.97354e-07	0.632121	2.68405e-07
182	0.632122	2.53144e-06	0.632121	1.74112e-07	0.632121	7.98185e-08
184	0.632122	2.62573e-06	0.63212	2.03061e-07	0.63212	1.08768e-07
186	0.632122	2.72003e-06	0.632121	1.74112e-07	0.63212	1.08768e-07
188	0.632122	2.43715e-06	0.63212	1.08768e-07	0.632121	1.44747e-08
190	0.632122	2.34285e-06	0.63212	2.03061e-07	0.632121	2.68405e-07
192	0.632122	2.24856e-06	0.632121	1.44747e-08	0.632121	1.74112e-07
194	0.632122	1.7771e-06	0.632121	1.44747e-08	0.632121	1.44747e-08
196	0.632122	2.34285e-06	0.632121	1.44747e-08	0.632121	2.68405e-07
198	0.632122	1.96568e-06	0.632121	1.74112e-07	0.63212	2.03061e-07
200	0.632121	1.39992e-06	0.632121	1.74112e-07	0.632121	1.44747e-08
202	0.632122	1.58851e-06	0.632121	1.44747e-08	0.63212	2.03061e-07
204	0.632122	2.15427e-06	0.63212	2.03061e-07	0.63212	1.08768e-07
206	0.632122	2.15427e-06	0.63212	2.03061e-07	0.632121	1.74112e-07
208	0.632122	1.87139e-06	0.632121	1.74112e-07	0.632121	1.74112e-07
210	0.632122	2.24856e-06	0.632121	1.44747e-08	0.63212	2.03061e-07
212	0.632122	2.34285e-06	0.63212	2.03061e-07	0.632121	1.44747e-08
214	0.632122	2.05997e-06	0.63212	2.03061e-07	0.63212	5.80234e-07
216	0.632122	1.87139e-06	0.632121	7.98185e-08	0.63212	1.08768e-07
218	0.632121	1.30563e-06	0.63212	2.97354e-07	0.632121	1.44747e-08
220	0.632122	1.49422e-06	0.63212	2.97354e-07	0.63212	1.08768e-07
222	0.632121	1.21134e-06	0.63212	2.03061e-07	0.632121	7.98185e-08
224	0.632122	1.6828e-06	0.632121	7.98185e-08	0.63212	1.08768e-07
226	0.632122	1.96568e-06	0.632121	7.98185e-08	0.632121	7.98185e-08
228	0.632122	1.6828e-06	0.63212	4.85941e-07	0.632121	1.74112e-07
230	0.632121	1.39992e-06	0.632121	1.44747e-08	0.632121	1.44747e-08
232	0.632122	1.7771e-06	0.63212	2.03061e-07	0.63212	1.08768e-07
234	0.632122	1.7771e-06	0.632121	4.56991e-07	0.63212	2.03061e-07
236	0.632122	1.58851e-06	0.632121	2.68405e-07	0.63212	1.08768e-07
238	0.632122	1.58851e-06	0.632121	1.44747e-08	0.632121	1.44747e-08
240	0.632122	1.49422e-06	0.632121	1.44747e-08	0.632121	3.62698e-07
242	0.632121	1.21134e-06	0.63212	3.91647e-07	0.63212	1.08768e-07
244	0.632121	9.28457e-07	0.632121	4.56991e-07	0.632121	1.74112e-07
246	0.632121	1.11704e-06	0.63212	3.91647e-07	0.63212	3.91647e-07
248	0.632121	1.39992e-06	0.632121	1.74112e-07	0.632121	4.56991e-07
250	0.632121	1.30563e-06	0.632121	1.44747e-08	0.63212	1.08768e-07
252	0.632121	1.02275e-06	0.632121	1.44747e-08	0.632121	3.62698e-07
254	0.632122	1.49422e-06	0.632121	3.62698e-07	0.632121	2.68405e-07
256	0.632122	1.87139e-06	0.63212	2.97354e-07	0.632121	2.68405e-07
258	0.632122	1.58851e-06	0.632121	1.74112e-07	0.632121	1.44747e-08
260	0.632121	1.30563e-06	0.632121	1.74112e-07	0.632121	1.74112e-07
262	0.632121	1.21134e-06	0.632121	5.51284e-07	0.632121	7.98185e-08
264	0.632121	1.39992e-06	0.632121	1.74112e-07	0.632121	2.68405e-07
266	0.632122	1.6828e-06	0.632121	1.44747e-08	0.632121	1.74112e-07
268	0.632121	1.39992e-06	0.632121	7.98185e-08	0.632121	1.44747e-08
270	0.632122	1.6828e-06	0.632121	4.56991e-07	0.632121	1.44747e-08
272	0.632121	1.21134e-06	0.63212	2.03061e-07	0.63212	1.08768e-07
274	0.632121	1.02275e-06	0.632121	1.44747e-08	0.632121	1.44747e-08
276	0.632122	1.6828e-06	0.632121	3.62698e-07	0.63212	1.08768e-07
278	0.632121	7.39871e-07	0.632121	1.44747e-08	0.632121	2.68405e-07
280	0.632122	1.87139e-06	0.632121	2.68405e-07	0.63212	1.08768e-07
282	0.632121	9.28457e-07	0.63212	4.85941e-07	0.632121	1.74112e-07
284	0.632121	9.28457e-07	0.632121	1.74112e-07	0.632121	7.98185e-08
286	0.632121	9.28457e-07	0.632121	1.44747e-08	0.63212	1.08768e-07
288	0.632121	8.34164e-07	0.63212	1.08768e-07	0.632121	1.74112e-07
290	0.632121	1.02275e-06	0.63212	2.97354e-07	0.632121	7.98185e-08
292	0.632121	8.34164e-07	0.632121	1.44747e-08	0.632121	1.74112e-07
294	0.632122	1.58851e-06	0.632121	1.44747e-08	0.632121	1.44747e-08
296	0.632121	7.39871e-07	0.63212	2.03061e-07	0.63212	1.08768e-07
298	0.632121	9.28457e-07	0.63212	2.97354e-07	0.632121	7.98185e-08
300	0.632121	1.21134e-06	0.632121	1.44747e-08	0.632121	1.44747e-08
302	0.632121	5.51284e-07	0.632121	1.44747e-08	0.63212	1.08768e-07
304	0.632121	1.11704e-06	0.63212	2.97354e-07	0.632121	4.56991e-07
306	0.632121	2.68405e-07	0.63212	2.03061e-07	0.63212	1.08768e-07
308	0.632121	1.30563e-06	0.63212	1.08768e-07	0.632121	3.62698e-07
310	0.632121	6.45577e-07	0.63212	1.08768e-07	0.632121	7.98185e-08
312	0.632121	8.34164e-07	0.632121	1.44747e-08	0.632121	2.68405e-07
314	0.632122	1.7771e-06	0.632121	1.44747e-08	0.632121	1.74112e-07
316	0.632121	8.34164e-07	0.632121	1.74112e-07	0.632121	7.98185e-08
318	0.632121	6.45577e-07	0.63212	2.97354e-07	0.63212	1.08768e-07
320	0.632121	7.39871e-07	0.632121	1.44747e-08	0.632121	4.56991e-07
322	0.632121	6.45577e-07	0.63212	7.6882e-07	0.63212	1.08768e-07
324	0.632121	7.39871e-07	0.63212	1.08768e-07	0.63212	2.03061e-07
326	0.632121	7.39871e-07	0.63212	6.74527e-07	0.63212	1.08768e-07
328	0.632121	1.02275e-06	0.632121	1.44747e-08	0.63212	1.08768e-07
330	0.632121	1.02275e-06	0.632121	5.51284e-07	0.63212	2.03061e-07
332	0.632121	1.11704e-06	0.632121	7.98185e-08	0.63212	2.97354e-07
334	0.632121	4.56991e-07	0.63212	4.85941e-07	0.632121	7.98185e-08
336	0.632121	1.30563e-06	0.63212	1.08768e-07	0.632121	5.51284e-07
338	0.632121	5.51284e-07	0.632121	3.62698e-07	0.632121	7.98185e-08
340	0.632121	1.74112e-07	0.632121	7.98185e-08	0.632121	2.68405e-07
342	0.632121	8.34164e-07	0.63212	2.03061e-07	0.632121	2.68405e-07
344	0.632121	7.98185e-08	0.632121	8.34164e-07	0.63212	2.97354e-07
346	0.632121	6.45577e-07	0.632121	7.98185e-08	0.632121	1.44747e-08
348	0.632121	6.45577e-07	0.632121	1.74112e-07	0.63212	2.03061e-07
350	0.632121	2.68405e-07	0.632121	1.44747e-08	0.632121	2.68405e-07
352	0.632121	5.51284e-07	0.632121	1.44747e-08	0.632121	1.44747e-08
354	0.632121	4.56991e-07	0.632121	1.74112e-07	0.632121	2.68405e-07
356	0.632121	5.51284e-07	0.632121	1.74112e-07	0.63212	2.03061e-07
358	0.632121	9.28457e-07	0.632121	2.68405e-07	0.632121	3.62698e-07
360	0.632121	3.62698e-07	0.632121	1.44747e-08	0.632121	7.98185e-08
362	0.632121	4.56991e-07	0.632121	2.68405e-07	0.632121	7.98185e-08
364	0.632121	1.39992e-06	0.632121	7.98185e-08	0.63212	2.03061e-07
366	0.632121	4.56991e-07	0.63212	2.97354e-07	0.632121	1.44747e-08
368	0.632121	6.45577e-07	0.632121	3.62698e-07	0.632121	3.62698e-07
370	0.632121	4.56991e-07	0.632121	1.74112e-07	0.632121	1.44747e-08
372	0.632121	1.74112e-07	0.63212	3.91647e-07	0.632121	7.98185e-08
374	0.632121	2.68405e-07	0.63212	2.97354e-07	0.63212	2.03061e-07
376	0.632121	5.51284e-07	0.63212	1.08768e-07	0.63212	1.08768e-07
378	0.632121	1.44747e-08	0.632121	2.68405e-07	0.632121	1.74112e-07
380	0.632121	2.68405e-07	0.632121	1.44747e-08	0.63212	2.03061e-07
382	0.632121	5.51284e-07	0.632121	1.74112e-07	0.632121	3.62698e-07
384	0.632121	4.56991e-07	0.63212	1.08768e-07	0.63212	2.03061e-07
386	0.632121	4.56991e-07	0.63212	5.80234e-07	0.632121	1.74112e-07
388	0.632121	6.45577e-07	0.632121	2.68405e-07	0.63212	2.97354e-07
390	0.632121	7.98185e-08	0.63212	2.03061e-07	0.632121	1.74112e-07
392	0.632121	3.62698e-07	0.632121	1.44747e-08	0.632121	1.44747e-08
394	0.632121	1.02275e-06	0.63212	1.08768e-07	0.632121	1.44747e-08
396	0.632121	2.68405e-07	0.632121	2.68405e-07	0.63212	2.03061e-07
398	0.632121	2.68405e-07	0.63212	1.08768e-07	0.632121	1.74112e-07
400	0.63212	2.97354e-07	0.63212	2.03061e-07	0.63212	2.97354e-07
402	0.632121	5.51284e-07	0.632121	3.62698e-07	0.632121	1.44747e-08
404	0.632121	6.45577e-07	0.632121	1.44747e-08	0.632121	7.98185e-08
406	0.632121	4.56991e-07	0.632121	1.44747e-08	0.632121	1.44747e-08
408	0.632121	1.02275e-06	0.632121	1.11704e-06	0.632121	7.98185e-08
410	0.632121	5.51284e-07	0.63212	4.85941e-07	0.63212	2.97354e-07
412	0.632121	1.74112e-07	0.632121	3.62698e-07	0.632121	7.98185e-08
414	0.632121	6.45577e-07	0.632121	1.74112e-07	0.632121	3.62698e-07
416	0.632121	3.62698e-07	0.63212	3.91647e-07	0.63212	1.08768e-07
418	0.632121	4.56991e-07	0.632121	3.62698e-07	0.632121	1.44747e-08
420	0.63212	1.08768e-07	0.63212	5.80234e-07	0.632121	1.44747e-08
422	0.632121	1.44747e-08	0.63212	2.03061e-07	0.632121	1.44747e-08
424	0.63212	1.08768e-07	0.63212	6.74527e-07	0.632121	1.74112e-07
426	0.632121	3.62698e-07	0.632121	3.62698e-07	0.632121	3.62698e-07
428	0.632121	1.74112e-07	0.632121	1.74112e-07	0.63212	5.80234e-07
430	0.632121	1.44747e-08	0.632121	3.62698e-07	0.63212	2.03061e-07
432	0.632121	2.68405e-07	0.632121	1.74112e-07	0.632121	2.68405e-07
434	0.632121	6.45577e-07	0.63212	5.80234e-07	0.63212	2.97354e-07
436	0.63212	1.08768e-07	0.63212	7.6882e-07	0.632121	4.56991e-07
438	0.632121	7.98185e-08	0.632121	1.44747e-08	0.632121	2.68405e-07
440	0.632121	3.62698e-07	0.63212	2.97354e-07	0.63212	2.03061e-07
442	0.632121	1.44747e-08	0.632121	2.68405e-07	0.632121	7.98185e-08
444	0.632121	5.51284e-07	0.632121	2.68405e-07	0.632121	1.44747e-08
446	0.632121	6.45577e-07	0.63212	2.03061e-07	0.632121	4.56991e-07
448	0.632121	7.39871e-07	0.63212	1.08768e-07	0.632121	5.51284e-07
450	0.632121	7.39871e-07	0.632121	1.44747e-08	0.63212	3.91647e-07
452	0.632121	2.68405e-07	0.63212	2.97354e-07	0.63212	1.08768e-07
454	0.632121	2.68405e-07	0.63212	4.85941e-07	0.632121	5.51284e-07
456	0.632121	6.45577e-07	0.632121	7.98185e-08	0.632121	1.74112e-07
458	0.632121	2.68405e-07	0.63212	3.91647e-07	0.632121	1.44747e-08
460	0.632121	8.34164e-07	0.632121	1.44747e-08	0.632121	2.68405e-07
462	0.632121	7.98185e-08	0.63212	2.97354e-07	0.63212	1.08768e-07
464	0.632121	5.51284e-07	0.632121	1.44747e-08	0.632121	3.62698e-07
466	0.632121	2.68405e-07	0.632121	1.74112e-07	0.632121	2.68405e-07
468	0.632121	6.45577e-07	0.63212	3.91647e-07	0.632121	1.44747e-08
470	0.632121	4.56991e-07	0.632121	2.68405e-07	0.63212	3.91647e-07
472	0.632121	4.56991e-07	0.632121	1.74112e-07	0.632121	1.44747e-08
474	0.632121	1.74112e-07	0.63212	2.97354e-07	0.632121	7.98185e-08
476	0.63212	2.03061e-07	0.63212	1.08768e-07	0.632121	1.74112e-07
478	0.632121	1.74112e-07	0.63212	5.80234e-07	0.63212	1.08768e-07
480	0.632121	2.68405e-07	0.632121	1.74112e-07	0.632121	7.98185e-08
482	0.632121	3.62698e-07	0.632121	1.74112e-07	0.632121	1.74112e-07
484	0.632121	6.45577e-07	0.63212	2.03061e-07	0.63212	1.08768e-07
486	0.632121	1.44747e-08	0.632121	1.44747e-08	0.632121	7.98185e-08
488	0.632121	3.62698e-07	0.632121	1.44747e-08	0.63212	1.08768e-07
490	0.63212	2.97354e-07	0.632121	1.74112e-07	0.63212	1.08768e-07
492	0.632121	7.98185e-08	0.632121	1.44747e-08	0.63212	2.03061e-07
494	0.632121	4.56991e-07	0.632121	1.74112e-07	0.632121	7.98185e-08
496	0.63212	1.08768e-07	0.632121	7.39871e-07	0.632121	1.44747e-08
498	0.632121	1.74112e-07	0.63212	7.6882e-07	0.632121	1.44747e-08
500	0.632121	9.28457e-07	0.632121	1.44747e-08	0.63212	1.08768e-07
